X	Y	Long	Lat	Z
-80000.00	-100000.00	-45.5000	-18.2500	7.897
-80000.00	-95000.00	-45.5000	-18.2333	8.306
-80000.00	-90000.00	-45.5000	-18.2167	8.691
-80000.00	-85000.00	-45.5000	-18.2000	9.037
-80000.00	-80000.00	-45.5000	-18.1833	9.322
-80000.00	-75000.00	-45.5000	-18.1667	9.522
-80000.00	-70000.00	-45.5000	-18.1500	9.607
-80000.00	-65000.00	-45.5000	-18.1333	9.545
-80000.00	-60000.00	-45.5000	-18.1167	9.296
-80000.00	-55000.00	-45.5000	-18.1000	8.824
-80000.00	-50000.00	-45.5000	-18.0833	8.090
-80000.00	-45000.00	-45.5000	-18.0667	7.061
-80000.00	-40000.00	-45.5000	-18.0500	5.712
-80000.00	-35000.00	-45.5000	-18.0333	4.036
-80000.00	-30000.00	-45.5000	-18.0167	2.044
-80000.00	-25000.00	-45.5000	-18.0000	-0.227
-80000.00	-20000.00	-45.5000	-17.9833	-2.713
-80000.00	-15000.00	-45.5000	-17.9667	-5.322
-80000.00	-10000.00	-45.5000	-17.9500	-7.941
-80000.00	-5000.00	-45.5000	-17.9333	-10.448
-80000.00	0.00	-45.5000	-17.9167	-12.718
-80000.00	5000.00	-45.5000	-17.9000	-14.642
-80000.00	10000.00	-45.5000	-17.8833	-16.137
-80000.00	15000.00	-45.5000	-17.8667	-17.154
-80000.00	20000.00	-45.5000	-17.8500	-17.683
-80000.00	25000.00	-45.5000	-17.8333	-17.748
-80000.00	30000.00	-45.5000	-17.8167	-17.399
-80000.00	35000.00	-45.5000	-17.8000	-16.708
-80000.00	40000.00	-45.5000	-17.7833	-15.755
-80000.00	45000.00	-45.5000	-17.7667	-14.618
-80000.00	50000.00	-45.5000	-17.7500	-13.372
-80000.00	55000.00	-45.5000	-17.7333	-12.081
-80000.00	60000.00	-45.5000	-17.7167	-10.794
-80000.00	65000.00	-45.5000	-17.7000	-9.551
-80000.00	70000.00	-45.5000	-17.6833	-8.378
-80000.00	75000.00	-45.5000	-17.6667	-7.291
-80000.00	80000.00	-45.5000	-17.6500	-6.301
-80000.00	85000.00	-45.5000	-17.6333	-5.409
-80000.00	90000.00	-45.5000	-17.6167	-4.614
-80000.00	95000.00	-45.5000	-17.6000	-3.911
-80000.00	100000.00	-45.5000	-17.5833	-3.295
-80000.00	105000.00	-45.5000	-17.5667	-2.757
-80000.00	110000.00	-45.5000	-17.5500	-2.291
-80000.00	115000.00	-45.5000	-17.5333	-1.888
-80000.00	120000.00	-45.5000	-17.5167	-1.541
-80000.00	125000.00	-45.5000	-17.5000	-1.243
-80000.00	130000.00	-45.5000	-17.4833	-0.989
-80000.00	135000.00	-45.5000	-17.4667	-0.771
-80000.00	140000.00	-45.5000	-17.4500	-0.587
-80000.00	145000.00	-45.5000	-17.4333	-0.430
-80000.00	150000.00	-45.5000	-17.4167	-0.297
-75000.00	-100000.00	-45.5000	-17.4000	8.843
-75000.00	-95000.00	-45.5000	-17.3833	9.390
-75000.00	-90000.00	-45.5000	-17.3667	9.931
-75000.00	-85000.00	-45.5000	-17.3500	10.448
-75000.00	-80000.00	-45.5000	-17.3333	10.920
-75000.00	-75000.00	-45.5000	-17.3167	11.321
-75000.00	-70000.00	-45.5000	-17.3000	11.617
-75000.00	-65000.00	-45.5000	-17.2833	11.769
-75000.00	-60000.00	-45.5000	-17.2667	11.730
-75000.00	-55000.00	-45.5000	-17.2500	11.452
-75000.00	-50000.00	-45.5000	-17.2333	10.882
-75000.00	-45000.00	-45.5000	-17.2167	9.971
-75000.00	-40000.00	-45.5000	-17.2000	8.679
-75000.00	-35000.00	-45.5000	-17.1833	6.981
-75000.00	-30000.00	-45.5000	-17.1667	4.876
-75000.00	-25000.00	-45.5000	-17.1500	2.397
-75000.00	-20000.00	-45.5000	-17.1333	-0.389
-75000.00	-15000.00	-45.5000	-17.1167	-3.374
-75000.00	-10000.00	-45.5000	-17.1000	-6.422
-75000.00	-5000.00	-45.5000	-17.0833	-9.374
-75000.00	0.00	-45.5000	-17.0667	-12.072
-75000.00	5000.00	-45.5000	-17.0500	-14.371
-75000.00	10000.00	-45.5000	-17.0333	-16.162
-75000.00	15000.00	-45.5000	-17.0167	-17.382
-75000.00	20000.00	-45.5000	-17.0000	-18.016
-75000.00	25000.00	-45.5000	-16.9833	-18.099
-75000.00	30000.00	-45.5000	-16.9667	-17.697
-75000.00	35000.00	-45.5000	-16.9500	-16.904
-75000.00	40000.00	-45.5000	-16.9333	-15.819
-75000.00	45000.00	-45.5000	-16.9167	-14.541
-75000.00	50000.00	-45.5000	-16.9000	-13.159
-75000.00	55000.00	-45.5000	-16.8833	-11.746
-75000.00	60000.00	-45.5000	-16.8667	-10.358
-75000.00	65000.00	-45.5000	-16.8500	-9.036
-75000.00	70000.00	-45.5000	-16.8333	-7.806
-75000.00	75000.00	-45.5000	-16.8167	-6.684
-75000.00	80000.00	-45.5000	-16.8000	-5.676
-75000.00	85000.00	-45.5000	-16.7833	-4.781
-75000.00	90000.00	-45.5000	-16.7667	-3.994
-75000.00	95000.00	-45.5000	-16.7500	-3.309
-75000.00	100000.00	-45.5000	-16.7333	-2.716
-75000.00	105000.00	-45.5000	-16.7167	-2.207
-75000.00	110000.00	-45.5000	-16.7000	-1.771
-75000.00	115000.00	-45.5000	-16.6833	-1.400
-75000.00	120000.00	-45.5000	-16.6667	-1.085
-75000.00	125000.00	-45.5000	-16.6500	-0.819
-75000.00	130000.00	-45.5000	-16.6333	-0.595
-75000.00	135000.00	-45.5000	-16.6167	-0.407
-75000.00	140000.00	-45.5000	-16.6000	-0.250
-75000.00	145000.00	-45.5000	-16.5833	-0.120
-75000.00	150000.00	-45.5000	-16.5667	-0.011
-70000.00	-100000.00	-45.5000	-16.5500	9.827
-70000.00	-95000.00	-45.5000	-16.5333	10.533
-70000.00	-90000.00	-45.5000	-16.5167	11.254
-70000.00	-85000.00	-45.5000	-16.5000	11.975
-70000.00	-80000.00	-45.4833	-18.2500	12.675
-70000.00	-75000.00	-45.4833	-18.2333	13.327
-70000.00	-70000.00	-45.4833	-18.2167	13.895
-70000.00	-65000.00	-45.4833	-18.2000	14.333
-70000.00	-60000.00	-45.4833	-18.1833	14.589
-70000.00	-55000.00	-45.4833	-18.1667	14.599
-70000.00	-50000.00	-45.4833	-18.1500	14.296
-70000.00	-45000.00	-45.4833	-18.1333	13.609
-70000.00	-40000.00	-45.4833	-18.1167	12.476
-70000.00	-35000.00	-45.4833	-18.1000	10.849
-70000.00	-30000.00	-45.4833	-18.0833	8.706
-70000.00	-25000.00	-45.4833	-18.0667	6.067
-70000.00	-20000.00	-45.4833	-18.0500	2.997
-70000.00	-15000.00	-45.4833	-18.0333	-0.384
-70000.00	-10000.00	-45.4833	-18.0167	-3.909
-70000.00	-5000.00	-45.4833	-18.0000	-7.380
-70000.00	0.00	-45.4833	-17.9833	-10.591
-70000.00	5000.00	-45.4833	-17.9667	-13.350
-70000.00	10000.00	-45.4833	-17.9500	-15.514
-70000.00	15000.00	-45.4833	-17.9333	-16.997
-70000.00	20000.00	-45.4833	-17.9167	-17.782
-70000.00	25000.00	-45.4833	-17.9000	-17.914
-70000.00	30000.00	-45.4833	-17.8833	-17.481
-70000.00	35000.00	-45.4833	-17.8667	-16.602
-70000.00	40000.00	-45.4833	-17.8500	-15.403
-70000.00	45000.00	-45.4833	-17.8333	-14.005
-70000.00	50000.00	-45.4833	-17.8167	-12.510
-70000.00	55000.00	-45.4833	-17.8000	-11.004
-70000.00	60000.00	-45.4833	-17.7833	-9.546
-70000.00	65000.00	-45.4833	-17.7667	-8.179
-70000.00	70000.00	-45.4833	-17.7500	-6.928
-70000.00	75000.00	-45.4833	-17.7333	-5.805
-70000.00	80000.00	-45.4833	-17.7167	-4.811
-70000.00	85000.00	-45.4833	-17.7000	-3.943
-70000.00	90000.00	-45.4833	-17.6833	-3.193
-70000.00	95000.00	-45.4833	-17.6667	-2.551
-70000.00	100000.00	-45.4833	-17.6500	-2.004
-70000.00	105000.00	-45.4833	-17.6333	-1.542
-70000.00	110000.00	-45.4833	-17.6167	-1.153
-70000.00	115000.00	-45.4833	-17.6000	-0.829
-70000.00	120000.00	-45.4833	-17.5833	-0.558
-70000.00	125000.00	-45.4833	-17.5667	-0.335
-70000.00	130000.00	-45.4833	-17.5500	-0.151
-70000.00	135000.00	-45.4833	-17.5333	0.000
-70000.00	140000.00	-45.4833	-17.5167	0.123
-70000.00	145000.00	-45.4833	-17.5000	0.222
-70000.00	150000.00	-45.4833	-17.4833	0.301
-65000.00	-100000.00	-45.4833	-17.4667	10.832
-65000.00	-95000.00	-45.4833	-17.4500	11.715
-65000.00	-90000.00	-45.4833	-17.4333	12.642
-65000.00	-85000.00	-45.4833	-17.4167	13.600
-65000.00	-80000.00	-45.4833	-17.4000	14.572
-65000.00	-75000.00	-45.4833	-17.3833	15.530
-65000.00	-70000.00	-45.4833	-17.3667	16.439
-65000.00	-65000.00	-45.4833	-17.3500	17.250
-65000.00	-60000.00	-45.4833	-17.3333	17.902
-65000.00	-55000.00	-45.4833	-17.3167	18.321
-65000.00	-50000.00	-45.4833	-17.3000	18.420
-65000.00	-45000.00	-45.4833	-17.2833	18.105
-65000.00	-40000.00	-45.4833	-17.2667	17.284
-65000.00	-35000.00	-45.4833	-17.2500	15.874
-65000.00	-30000.00	-45.4833	-17.2333	13.822
-65000.00	-25000.00	-45.4833	-17.2167	11.122
-65000.00	-20000.00	-45.4833	-17.2000	7.827
-65000.00	-15000.00	-45.4833	-17.1833	4.064
-65000.00	-10000.00	-45.4833	-17.1667	0.028
-65000.00	-5000.00	-45.4833	-17.1500	-4.034
-65000.00	0.00	-45.4833	-17.1333	-7.853
-65000.00	5000.00	-45.4833	-17.1167	-11.178
-65000.00	10000.00	-45.4833	-17.1000	-13.816
-65000.00	15000.00	-45.4833	-17.0833	-15.650
-65000.00	20000.00	-45.4833	-17.0667	-16.659
-65000.00	25000.00	-45.4833	-17.0500	-16.898
-65000.00	30000.00	-45.4833	-17.0333	-16.483
-65000.00	35000.00	-45.4833	-17.0167	-15.565
-65000.00	40000.00	-45.4833	-17.0000	-14.298
-65000.00	45000.00	-45.4833	-16.9833	-12.827
-65000.00	50000.00	-45.4833	-16.9667	-11.273
-65000.00	55000.00	-45.4833	-16.9500	-9.728
-65000.00	60000.00	-45.4833	-16.9333	-8.256
-65000.00	65000.00	-45.4833	-16.9167	-6.899
-65000.00	70000.00	-45.4833	-16.9000	-5.679
-65000.00	75000.00	-45.4833	-16.8833	-4.603
-65000.00	80000.00	-45.4833	-16.8667	-3.669
-65000.00	85000.00	-45.4833	-16.8500	-2.868
-65000.00	90000.00	-45.4833	-16.8333	-2.190
-65000.00	95000.00	-45.4833	-16.8167	-1.621
-65000.00	100000.00	-45.4833	-16.8000	-1.146
-65000.00	105000.00	-45.4833	-16.7833	-0.754
-65000.00	110000.00	-45.4833	-16.7667	-0.433
-65000.00	115000.00	-45.4833	-16.7500	-0.171
-65000.00	120000.00	-45.4833	-16.7333	0.041
-65000.00	125000.00	-45.4833	-16.7167	0.210
-65000.00	130000.00	-45.4833	-16.7000	0.345
-65000.00	135000.00	-45.4833	-16.6833	0.450
-65000.00	140000.00	-45.4833	-16.6667	0.532
-65000.00	145000.00	-45.4833	-16.6500	0.593
-65000.00	150000.00	-45.4833	-16.6333	0.639
-60000.00	-100000.00	-45.4833	-16.6167	11.836
-60000.00	-95000.00	-45.4833	-16.6000	12.912
-60000.00	-90000.00	-45.4833	-16.5833	14.066
-60000.00	-85000.00	-45.4833	-16.5667	15.293
-60000.00	-80000.00	-45.4833	-16.5500	16.579
-60000.00	-75000.00	-45.4833	-16.5333	17.902
-60000.00	-70000.00	-45.4833	-16.5167	19.227
-60000.00	-65000.00	-45.4833	-16.5000	20.507
-60000.00	-60000.00	-45.4667	-18.2500	21.677
-60000.00	-55000.00	-45.4667	-18.2333	22.652
-60000.00	-50000.00	-45.4667	-18.2167	23.328
-60000.00	-45000.00	-45.4667	-18.2000	23.584
-60000.00	-40000.00	-45.4667	-18.1833	23.289
-60000.00	-35000.00	-45.4667	-18.1667	22.317
-60000.00	-30000.00	-45.4667	-18.1500	20.567
-60000.00	-25000.00	-45.4667	-18.1333	17.986
-60000.00	-20000.00	-45.4667	-18.1167	14.598
-60000.00	-15000.00	-45.4667	-18.1000	10.523
-60000.00	-10000.00	-45.4667	-18.0833	5.981
-60000.00	-5000.00	-45.4667	-18.0667	1.273
-60000.00	0.00	-45.4667	-18.0500	-3.256
-60000.00	5000.00	-45.4667	-18.0333	-7.275
-60000.00	10000.00	-45.4667	-18.0167	-10.522
-60000.00	15000.00	-45.4667	-18.0000	-12.837
-60000.00	20000.00	-45.4667	-17.9833	-14.186
-60000.00	25000.00	-45.4667	-17.9667	-14.638
-60000.00	30000.00	-45.4667	-17.9500	-14.339
-60000.00	35000.00	-45.4667	-17.9333	-13.475
-60000.00	40000.00	-45.4667	-17.9167	-12.233
-60000.00	45000.00	-45.4667	-17.9000	-10.783
-60000.00	50000.00	-45.4667	-17.8833	-9.262
-60000.00	55000.00	-45.4667	-17.8667	-7.769
-60000.00	60000.00	-45.4667	-17.8500	-6.371
-60000.00	65000.00	-45.4667	-17.8333	-5.105
-60000.00	70000.00	-45.4667	-17.8167	-3.990
-60000.00	75000.00	-45.4667	-17.8000	-3.028
-60000.00	80000.00	-45.4667	-17.7833	-2.212
-60000.00	85000.00	-45.4667	-17.7667	-1.530
-60000.00	90000.00	-45.4667	-17.7500	-0.966
-60000.00	95000.00	-45.4667	-17.7333	-0.507
-60000.00	100000.00	-45.4667	-17.7167	-0.137
-60000.00	105000.00	-45.4667	-17.7000	0.159
-60000.00	110000.00	-45.4667	-17.6833	0.392
-60000.00	115000.00	-45.4667	-17.6667	0.573
-60000.00	120000.00	-45.4667	-17.6500	0.711
-60000.00	125000.00	-45.4667	-17.6333	0.814
-60000.00	130000.00	-45.4667	-17.6167	0.889
-60000.00	135000.00	-45.4667	-17.6000	0.941
-60000.00	140000.00	-45.4667	-17.5833	0.974
-60000.00	145000.00	-45.4667	-17.5667	0.993
-60000.00	150000.00	-45.4667	-17.5500	0.999
-55000.00	-100000.00	-45.4667	-17.5333	12.808
-55000.00	-95000.00	-45.4667	-17.5167	14.088
-55000.00	-90000.00	-45.4667	-17.5000	15.489
-55000.00	-85000.00	-45.4667	-17.4833	17.012
-55000.00	-80000.00	-45.4667	-17.4667	18.651
-55000.00	-75000.00	-45.4667	-17.4500	20.394
-55000.00	-70000.00	-45.4667	-17.4333	22.213
-55000.00	-65000.00	-45.4667	-17.4167	24.066
-55000.00	-60000.00	-45.4667	-17.4000	25.889
-55000.00	-55000.00	-45.4667	-17.3833	27.594
-55000.00	-50000.00	-45.4667	-17.3667	29.061
-55000.00	-45000.00	-45.4667	-17.3500	30.143
-55000.00	-40000.00	-45.4667	-17.3333	30.668
-55000.00	-35000.00	-45.4667	-17.3167	30.451
-55000.00	-30000.00	-45.4667	-17.3000	29.324
-55000.00	-25000.00	-45.4667	-17.2833	27.163
-55000.00	-20000.00	-45.4667	-17.2667	23.932
-55000.00	-15000.00	-45.4667	-17.2500	19.718
-55000.00	-10000.00	-45.4667	-17.2333	14.749
-55000.00	-5000.00	-45.4667	-17.2167	9.380
-55000.00	0.00	-45.4667	-17.2000	4.044
-55000.00	5000.00	-45.4667	-17.1833	-0.821
-55000.00	10000.00	-45.4667	-17.1667	-4.858
-55000.00	15000.00	-45.4667	-17.1500	-7.847
-55000.00	20000.00	-45.4667	-17.1333	-9.724
-55000.00	25000.00	-45.4667	-17.1167	-10.571
-55000.00	30000.00	-45.4667	-17.1000	-10.562
-55000.00	35000.00	-45.4667	-17.0833	-9.922
-55000.00	40000.00	-45.4667	-17.0667	-8.870
-55000.00	45000.00	-45.4667	-17.0500	-7.601
-55000.00	50000.00	-45.4667	-17.0333	-6.264
-55000.00	55000.00	-45.4667	-17.0167	-4.964
-55000.00	60000.00	-45.4667	-17.0000	-3.767
-55000.00	65000.00	-45.4667	-16.9833	-2.707
-55000.00	70000.00	-45.4667	-16.9667	-1.797
-55000.00	75000.00	-45.4667	-16.9500	-1.035
-55000.00	80000.00	-45.4667	-16.9333	-0.410
-55000.00	85000.00	-45.4667	-16.9167	0.093
-55000.00	90000.00	-45.4667	-16.9000	0.489
-55000.00	95000.00	-45.4667	-16.8833	0.796
-55000.00	100000.00	-45.4667	-16.8667	1.028
-55000.00	105000.00	-45.4667	-16.8500	1.199
-55000.00	110000.00	-45.4667	-16.8333	1.320
-55000.00	115000.00	-45.4667	-16.8167	1.401
-55000.00	120000.00	-45.4667	-16.8000	1.450
-55000.00	125000.00	-45.4667	-16.7833	1.474
-55000.00	130000.00	-45.4667	-16.7667	1.479
-55000.00	135000.00	-45.4667	-16.7500	1.469
-55000.00	140000.00	-45.4667	-16.7333	1.447
-55000.00	145000.00	-45.4667	-16.7167	1.417
-55000.00	150000.00	-45.4667	-16.7000	1.380
-50000.00	-100000.00	-45.4667	-16.6833	13.714
-50000.00	-95000.00	-45.4667	-16.6667	15.202
-50000.00	-90000.00	-45.4667	-16.6500	16.860
-50000.00	-85000.00	-45.4667	-16.6333	18.697
-50000.00	-80000.00	-45.4667	-16.6167	20.722
-50000.00	-75000.00	-45.4667	-16.6000	22.932
-50000.00	-70000.00	-45.4667	-16.5833	25.315
-50000.00	-65000.00	-45.4667	-16.5667	27.843
-50000.00	-60000.00	-45.4667	-16.5500	30.462
-50000.00	-55000.00	-45.4667	-16.5333	33.087
-50000.00	-50000.00	-45.4667	-16.5167	35.595
-50000.00	-45000.00	-45.4667	-16.5000	37.818
-50000.00	-40000.00	-45.4500	-18.2500	39.540
-50000.00	-35000.00	-45.4500	-18.2333	40.515
-50000.00	-30000.00	-45.4500	-18.2167	40.481
-50000.00	-25000.00	-45.4500	-18.2000	39.210
-50000.00	-20000.00	-45.4500	-18.1833	36.564
-50000.00	-15000.00	-45.4500	-18.1667	32.548
-50000.00	-10000.00	-45.4500	-18.1500	27.365
-50000.00	-5000.00	-45.4500	-18.1333	21.404
-50000.00	0.00	-45.4500	-18.1167	15.198
-50000.00	5000.00	-45.4500	-18.1000	9.313
-50000.00	10000.00	-45.4500	-18.0833	4.239
-50000.00	15000.00	-45.4500	-18.0667	0.294
-50000.00	20000.00	-45.4500	-18.0500	-2.414
-50000.00	25000.00	-45.4500	-18.0333	-3.957
-50000.00	30000.00	-45.4500	-18.0167	-4.535
-50000.00	35000.00	-45.4500	-18.0000	-4.402
-50000.00	40000.00	-45.4500	-17.9833	-3.810
-50000.00	45000.00	-45.4500	-17.9667	-2.972
-50000.00	50000.00	-45.4500	-17.9500	-2.047
-50000.00	55000.00	-45.4500	-17.9333	-1.143
-50000.00	60000.00	-45.4500	-17.9167	-0.324
-50000.00	65000.00	-45.4500	-17.9000	0.379
-50000.00	70000.00	-45.4500	-17.8833	0.956
-50000.00	75000.00	-45.4500	-17.8667	1.412
-50000.00	80000.00	-45.4500	-17.8500	1.758
-50000.00	85000.00	-45.4500	-17.8333	2.009
-50000.00	90000.00	-45.4500	-17.8167	2.181
-50000.00	95000.00	-45.4500	-17.8000	2.289
-50000.00	100000.00	-45.4500	-17.7833	2.345
-50000.00	105000.00	-45.4500	-17.7667	2.360
-50000.00	110000.00	-45.4500	-17.7500	2.345
-50000.00	115000.00	-45.4500	-17.7333	2.307
-50000.00	120000.00	-45.4500	-17.7167	2.251
-50000.00	125000.00	-45.4500	-17.7000	2.184
-50000.00	130000.00	-45.4500	-17.6833	2.109
-50000.00	135000.00	-45.4500	-17.6667	2.029
-50000.00	140000.00	-45.4500	-17.6500	1.946
-50000.00	145000.00	-45.4500	-17.6333	1.862
-50000.00	150000.00	-45.4500	-17.6167	1.778
-45000.00	-100000.00	-45.4500	-17.6000	14.513
-45000.00	-95000.00	-45.4500	-17.5833	16.205
-45000.00	-90000.00	-45.4500	-17.5667	18.118
-45000.00	-85000.00	-45.4500	-17.5500	20.277
-45000.00	-80000.00	-45.4500	-17.5333	22.702
-45000.00	-75000.00	-45.4500	-17.5167	25.412
-45000.00	-70000.00	-45.4500	-17.5000	28.415
-45000.00	-65000.00	-45.4500	-17.4833	31.705
-45000.00	-60000.00	-45.4500	-17.4667	35.252
-45000.00	-55000.00	-45.4500	-17.4500	38.990
-45000.00	-50000.00	-45.4500	-17.4333	42.807
-45000.00	-45000.00	-45.4500	-17.4167	46.528
-45000.00	-40000.00	-45.4500	-17.4000	49.910
-45000.00	-35000.00	-45.4500	-17.3833	52.637
-45000.00	-30000.00	-45.4500	-17.3667	54.344
-45000.00	-25000.00	-45.4500	-17.3500	54.657
-45000.00	-20000.00	-45.4500	-17.3333	53.273
-45000.00	-15000.00	-45.4500	-17.3167	50.048
-45000.00	-10000.00	-45.4500	-17.3000	45.083
-45000.00	-5000.00	-45.4500	-17.2833	38.759
-45000.00	0.00	-45.4500	-17.2667	31.693
-45000.00	5000.00	-45.4500	-17.2500	24.608
-45000.00	10000.00	-45.4500	-17.2333	18.170
-45000.00	15000.00	-45.4500	-17.2167	12.847
-45000.00	20000.00	-45.4500	-17.2000	8.842
-45000.00	25000.00	-45.4500	-17.1833	6.121
-45000.00	30000.00	-45.4500	-17.1667	4.484
-45000.00	35000.00	-45.4500	-17.1500	3.660
-45000.00	40000.00	-45.4500	-17.1333	3.381
-45000.00	45000.00	-45.4500	-17.1167	3.420
-45000.00	50000.00	-45.4500	-17.1000	3.611
-45000.00	55000.00	-45.4500	-17.0833	3.844
-45000.00	60000.00	-45.4500	-17.0667	4.055
-45000.00	65000.00	-45.4500	-17.0500	4.210
-45000.00	70000.00	-45.4500	-17.0333	4.300
-45000.00	75000.00	-45.4500	-17.0167	4.325
-45000.00	80000.00	-45.4500	-17.0000	4.293
-45000.00	85000.00	-45.4500	-16.9833	4.215
-45000.00	90000.00	-45.4500	-16.9667	4.100
-45000.00	95000.00	-45.4500	-16.9500	3.959
-45000.00	100000.00	-45.4500	-16.9333	3.801
-45000.00	105000.00	-45.4500	-16.9167	3.631
-45000.00	110000.00	-45.4500	-16.9000	3.456
-45000.00	115000.00	-45.4500	-16.8833	3.280
-45000.00	120000.00	-45.4500	-16.8667	3.106
-45000.00	125000.00	-45.4500	-16.8500	2.936
-45000.00	130000.00	-45.4500	-16.8333	2.772
-45000.00	135000.00	-45.4500	-16.8167	2.614
-45000.00	140000.00	-45.4500	-16.8000	2.464
-45000.00	145000.00	-45.4500	-16.7833	2.322
-45000.00	150000.00	-45.4500	-16.7667	2.188
-40000.00	-100000.00	-45.4500	-16.7500	15.161
-40000.00	-95000.00	-45.4500	-16.7333	17.041
-40000.00	-90000.00	-45.4500	-16.7167	19.195
-40000.00	-85000.00	-45.4500	-16.7000	21.661
-40000.00	-80000.00	-45.4500	-16.6833	24.482
-40000.00	-75000.00	-45.4500	-16.6667	27.699
-40000.00	-70000.00	-45.4500	-16.6500	31.347
-40000.00	-65000.00	-45.4500	-16.6333	35.455
-40000.00	-60000.00	-45.4500	-16.6167	40.030
-40000.00	-55000.00	-45.4500	-16.6000	45.046
-40000.00	-50000.00	-45.4500	-16.5833	50.426
-40000.00	-45000.00	-45.4500	-16.5667	56.016
-40000.00	-40000.00	-45.4500	-16.5500	61.568
-40000.00	-35000.00	-45.4500	-16.5333	66.719
-40000.00	-30000.00	-45.4500	-16.5167	70.993
-40000.00	-25000.00	-45.4500	-16.5000	73.841
-40000.00	-20000.00	-45.4333	-18.2500	74.721
-40000.00	-15000.00	-45.4333	-18.2333	73.231
-40000.00	-10000.00	-45.4333	-18.2167	69.255
-40000.00	-5000.00	-45.4333	-18.2000	63.061
-40000.00	0.00	-45.4333	-18.1833	55.298
-40000.00	5000.00	-45.4333	-18.1667	46.855
-40000.00	10000.00	-45.4333	-18.1500	38.632
-40000.00	15000.00	-45.4333	-18.1333	31.329
-40000.00	20000.00	-45.4333	-18.1167	25.326
-40000.00	25000.00	-45.4333	-18.1000	20.696
-40000.00	30000.00	-45.4333	-18.0833	17.289
-40000.00	35000.00	-45.4333	-18.0667	14.851
-40000.00	40000.00	-45.4333	-18.0500	13.115
-40000.00	45000.00	-45.4333	-18.0333	11.850
-40000.00	50000.00	-45.4333	-18.0167	10.884
-40000.00	55000.00	-45.4333	-18.0000	10.099
-40000.00	60000.00	-45.4333	-17.9833	9.421
-40000.00	65000.00	-45.4333	-17.9667	8.807
-40000.00	70000.00	-45.4333	-17.9500	8.234
-40000.00	75000.00	-45.4333	-17.9333	7.692
-40000.00	80000.00	-45.4333	-17.9167	7.177
-40000.00	85000.00	-45.4333	-17.9000	6.687
-40000.00	90000.00	-45.4333	-17.8833	6.224
-40000.00	95000.00	-45.4333	-17.8667	5.787
-40000.00	100000.00	-45.4333	-17.8500	5.377
-40000.00	105000.00	-45.4333	-17.8333	4.994
-40000.00	110000.00	-45.4333	-17.8167	4.638
-40000.00	115000.00	-45.4333	-17.8000	4.307
-40000.00	120000.00	-45.4333	-17.7833	4.001
-40000.00	125000.00	-45.4333	-17.7667	3.719
-40000.00	130000.00	-45.4333	-17.7500	3.458
-40000.00	135000.00	-45.4333	-17.7333	3.218
-40000.00	140000.00	-45.4333	-17.7167	2.996
-40000.00	145000.00	-45.4333	-17.7000	2.792
-40000.00	150000.00	-45.4333	-17.6833	2.605
-35000.00	-100000.00	-45.4333	-17.6667	15.612
-35000.00	-95000.00	-45.4333	-17.6500	17.650
-35000.00	-90000.00	-45.4333	-17.6333	20.012
-35000.00	-85000.00	-45.4333	-17.6167	22.754
-35000.00	-80000.00	-45.4333	-17.6000	25.937
-35000.00	-75000.00	-45.4333	-17.5833	29.630
-35000.00	-70000.00	-45.4333	-17.5667	33.905
-35000.00	-65000.00	-45.4333	-17.5500	38.833
-35000.00	-60000.00	-45.4333	-17.5333	44.474
-35000.00	-55000.00	-45.4333	-17.5167	50.865
-35000.00	-50000.00	-45.4333	-17.5000	57.993
-35000.00	-45000.00	-45.4333	-17.4833	65.768
-35000.00	-40000.00	-45.4333	-17.4667	73.981
-35000.00	-35000.00	-45.4333	-17.4500	82.263
-35000.00	-30000.00	-45.4333	-17.4333	90.057
-35000.00	-25000.00	-45.4333	-17.4167	96.624
-35000.00	-20000.00	-45.4333	-17.4000	101.119
-35000.00	-15000.00	-45.4333	-17.3833	102.746
-35000.00	-10000.00	-45.4333	-17.3667	100.989
-35000.00	-5000.00	-45.4333	-17.3500	95.818
-35000.00	0.00	-45.4333	-17.3333	87.786
-35000.00	5000.00	-45.4333	-17.3167	77.915
-35000.00	10000.00	-45.4333	-17.3000	67.402
-35000.00	15000.00	-45.4333	-17.2833	57.305
-35000.00	20000.00	-45.4333	-17.2667	48.320
-35000.00	25000.00	-45.4333	-17.2500	40.748
-35000.00	30000.00	-45.4333	-17.2333	34.581
-35000.00	35000.00	-45.4333	-17.2167	29.638
-35000.00	40000.00	-45.4333	-17.2000	25.679
-35000.00	45000.00	-45.4333	-17.1833	22.474
-35000.00	50000.00	-45.4333	-17.1667	19.839
-35000.00	55000.00	-45.4333	-17.1500	17.631
-35000.00	60000.00	-45.4333	-17.1333	15.750
-35000.00	65000.00	-45.4333	-17.1167	14.126
-35000.00	70000.00	-45.4333	-17.1000	12.708
-35000.00	75000.00	-45.4333	-17.0833	11.462
-35000.00	80000.00	-45.4333	-17.0667	10.360
-35000.00	85000.00	-45.4333	-17.0500	9.382
-35000.00	90000.00	-45.4333	-17.0333	8.512
-35000.00	95000.00	-45.4333	-17.0167	7.736
-35000.00	100000.00	-45.4333	-17.0000	7.043
-35000.00	105000.00	-45.4333	-16.9833	6.423
-35000.00	110000.00	-45.4333	-16.9667	5.868
-35000.00	115000.00	-45.4333	-16.9500	5.369
-35000.00	120000.00	-45.4333	-16.9333	4.922
-35000.00	125000.00	-45.4333	-16.9167	4.519
-35000.00	130000.00	-45.4333	-16.9000	4.156
-35000.00	135000.00	-45.4333	-16.8833	3.829
-35000.00	140000.00	-45.4333	-16.8667	3.533
-35000.00	145000.00	-45.4333	-16.8500	3.266
-35000.00	150000.00	-45.4333	-16.8333	3.023
-30000.00	-100000.00	-45.4333	-16.8167	15.822
-30000.00	-95000.00	-45.4333	-16.8000	17.974
-30000.00	-90000.00	-45.4333	-16.7833	20.494
-30000.00	-85000.00	-45.4333	-16.7667	23.451
-30000.00	-80000.00	-45.4333	-16.7500	26.928
-30000.00	-75000.00	-45.4333	-16.7333	31.024
-30000.00	-70000.00	-45.4333	-16.7167	35.847
-30000.00	-65000.00	-45.4333	-16.7000	41.521
-30000.00	-60000.00	-45.4333	-16.6833	48.170
-30000.00	-55000.00	-45.4333	-16.6667	55.914
-30000.00	-50000.00	-45.4333	-16.6500	64.838
-30000.00	-45000.00	-45.4333	-16.6333	74.960
-30000.00	-40000.00	-45.4333	-16.6167	86.175
-30000.00	-35000.00	-45.4333	-16.6000	98.182
-30000.00	-30000.00	-45.4333	-16.5833	110.411
-30000.00	-25000.00	-45.4333	-16.5667	121.973
-30000.00	-20000.00	-45.4333	-16.5500	131.686
-30000.00	-15000.00	-45.4333	-16.5333	138.227
-30000.00	-10000.00	-45.4333	-16.5167	140.440
-30000.00	-5000.00	-45.4333	-16.5000	137.708
-30000.00	0.00	-45.4167	-18.2500	130.242
-30000.00	5000.00	-45.4167	-18.2333	119.081
-30000.00	10000.00	-45.4167	-18.2167	105.771
-30000.00	15000.00	-45.4167	-18.2000	91.893
-30000.00	20000.00	-45.4167	-18.1833	78.680
-30000.00	25000.00	-45.4167	-18.1667	66.855
-30000.00	30000.00	-45.4167	-18.1500	56.692
-30000.00	35000.00	-45.4167	-18.1333	48.160
-30000.00	40000.00	-45.4167	-18.1167	41.078
-30000.00	45000.00	-45.4167	-18.1000	35.216
-30000.00	50000.00	-45.4167	-18.0833	30.355
-30000.00	55000.00	-45.4167	-18.0667	26.303
-30000.00	60000.00	-45.4167	-18.0500	22.906
-30000.00	65000.00	-45.4167	-18.0333	20.041
-30000.00	70000.00	-45.4167	-18.0167	17.610
-30000.00	75000.00	-45.4167	-18.0000	15.537
-30000.00	80000.00	-45.4167	-17.9833	13.760
-30000.00	85000.00	-45.4167	-17.9667	12.230
-30000.00	90000.00	-45.4167	-17.9500	10.907
-30000.00	95000.00	-45.4167	-17.9333	9.759
-30000.00	100000.00	-45.4167	-17.9167	8.759
-30000.00	105000.00	-45.4167	-17.9000	7.885
-30000.00	110000.00	-45.4167	-17.8833	7.118
-30000.00	115000.00	-45.4167	-17.8667	6.444
-30000.00	120000.00	-45.4167	-17.8500	5.848
-30000.00	125000.00	-45.4167	-17.8333	5.322
-30000.00	130000.00	-45.4167	-17.8167	4.854
-30000.00	135000.00	-45.4167	-17.8000	4.438
-30000.00	140000.00	-45.4167	-17.7833	4.066
-30000.00	145000.00	-45.4167	-17.7667	3.734
-30000.00	150000.00	-45.4167	-17.7500	3.436
-25000.00	-100000.00	-45.4167	-17.7333	15.752
-25000.00	-95000.00	-45.4167	-17.7167	17.961
-25000.00	-90000.00	-45.4167	-17.7000	20.566
-25000.00	-85000.00	-45.4167	-17.6833	23.653
-25000.00	-80000.00	-45.4167	-17.6667	27.321
-25000.00	-75000.00	-45.4167	-17.6500	31.694
-25000.00	-70000.00	-45.4167	-17.6333	36.920
-25000.00	-65000.00	-45.4167	-17.6167	43.169
-25000.00	-60000.00	-45.4167	-17.6000	50.640
-25000.00	-55000.00	-45.4167	-17.5833	59.543
-25000.00	-50000.00	-45.4167	-17.5667	70.089
-25000.00	-45000.00	-45.4167	-17.5500	82.445
-25000.00	-40000.00	-45.4167	-17.5333	96.677
-25000.00	-35000.00	-45.4167	-17.5167	112.648
-25000.00	-30000.00	-45.4167	-17.5000	129.891
-25000.00	-25000.00	-45.4167	-17.4833	147.475
-25000.00	-20000.00	-45.4167	-17.4667	163.932
-25000.00	-15000.00	-45.4167	-17.4500	177.338
-25000.00	-10000.00	-45.4167	-17.4333	185.655
-25000.00	-5000.00	-45.4167	-17.4167	187.306
-25000.00	0.00	-45.4167	-17.4000	181.771
-25000.00	5000.00	-45.4167	-17.3833	169.859
-25000.00	10000.00	-45.4167	-17.3667	153.452
-25000.00	15000.00	-45.4167	-17.3500	134.850
-25000.00	20000.00	-45.4167	-17.3333	116.105
-25000.00	25000.00	-45.4167	-17.3167	98.631
-25000.00	30000.00	-45.4167	-17.3000	83.170
-25000.00	35000.00	-45.4167	-17.2833	69.940
-25000.00	40000.00	-45.4167	-17.2667	58.847
-25000.00	45000.00	-45.4167	-17.2500	49.648
-25000.00	50000.00	-45.4167	-17.2333	42.056
-25000.00	55000.00	-45.4167	-17.2167	35.794
-25000.00	60000.00	-45.4167	-17.2000	30.621
-25000.00	65000.00	-45.4167	-17.1833	26.331
-25000.00	70000.00	-45.4167	-17.1667	22.759
-25000.00	75000.00	-45.4167	-17.1500	19.771
-25000.00	80000.00	-45.4167	-17.1333	17.259
-25000.00	85000.00	-45.4167	-17.1167	15.136
-25000.00	90000.00	-45.4167	-17.1000	13.333
-25000.00	95000.00	-45.4167	-17.0833	11.795
-25000.00	100000.00	-45.4167	-17.0667	10.476
-25000.00	105000.00	-45.4167	-17.0500	9.340
-25000.00	110000.00	-45.4167	-17.0333	8.358
-25000.00	115000.00	-45.4167	-17.0167	7.504
-25000.00	120000.00	-45.4167	-17.0000	6.760
-25000.00	125000.00	-45.4167	-16.9833	6.109
-25000.00	130000.00	-45.4167	-16.9667	5.536
-25000.00	135000.00	-45.4167	-16.9500	5.032
-25000.00	140000.00	-45.4167	-16.9333	4.585
-25000.00	145000.00	-45.4167	-16.9167	4.189
-25000.00	150000.00	-45.4167	-16.9000	3.836
-20000.00	-100000.00	-45.4167	-16.8833	15.372
-20000.00	-95000.00	-45.4167	-16.8667	17.567
-20000.00	-90000.00	-45.4167	-16.8500	20.171
-20000.00	-85000.00	-45.4167	-16.8333	23.277
-20000.00	-80000.00	-45.4167	-16.8167	26.997
-20000.00	-75000.00	-45.4167	-16.8000	31.473
-20000.00	-70000.00	-45.4167	-16.7833	36.882
-20000.00	-65000.00	-45.4167	-16.7667	43.436
-20000.00	-60000.00	-45.4167	-16.7500	51.393
-20000.00	-55000.00	-45.4167	-16.7333	61.056
-20000.00	-50000.00	-45.4167	-16.7167	72.759
-20000.00	-45000.00	-45.4167	-16.7000	86.841
-20000.00	-40000.00	-45.4167	-16.6833	103.584
-20000.00	-35000.00	-45.4167	-16.6667	123.105
-20000.00	-30000.00	-45.4167	-16.6500	145.178
-20000.00	-25000.00	-45.4167	-16.6333	169.008
-20000.00	-20000.00	-45.4167	-16.6167	193.011
-20000.00	-15000.00	-45.4167	-16.6000	214.740
-20000.00	-10000.00	-45.4167	-16.5833	231.159
-20000.00	-5000.00	-45.4167	-16.5667	239.379
-20000.00	0.00	-45.4167	-16.5500	237.663
-20000.00	5000.00	-45.4167	-16.5333	226.186
-20000.00	10000.00	-45.4167	-16.5167	207.014
-20000.00	15000.00	-45.4167	-16.5000	183.293
-20000.00	20000.00	-45.4000	-18.2500	158.171
-20000.00	25000.00	-45.4000	-18.2333	134.049
-20000.00	30000.00	-45.4000	-18.2167	112.335
-20000.00	35000.00	-45.4000	-18.2000	93.606
-20000.00	40000.00	-45.4000	-18.1833	77.883
-20000.00	45000.00	-45.4000	-18.1667	64.893
-20000.00	50000.00	-45.4000	-18.1500	54.255
-20000.00	55000.00	-45.4000	-18.1333	45.570
-20000.00	60000.00	-45.4000	-18.1167	38.480
-20000.00	65000.00	-45.4000	-18.1000	32.677
-20000.00	70000.00	-45.4000	-18.0833	27.910
-20000.00	75000.00	-45.4000	-18.0667	23.975
-20000.00	80000.00	-45.4000	-18.0500	20.710
-20000.00	85000.00	-45.4000	-18.0333	17.986
-20000.00	90000.00	-45.4000	-18.0167	15.701
-20000.00	95000.00	-45.4000	-18.0000	13.773
-20000.00	100000.00	-45.4000	-17.9833	12.139
-20000.00	105000.00	-45.4000	-17.9667	10.745
-20000.00	110000.00	-45.4000	-17.9500	9.551
-20000.00	115000.00	-45.4000	-17.9333	8.523
-20000.00	120000.00	-45.4000	-17.9167	7.634
-20000.00	125000.00	-45.4000	-17.9000	6.862
-20000.00	130000.00	-45.4000	-17.8833	6.189
-20000.00	135000.00	-45.4000	-17.8667	5.599
-20000.00	140000.00	-45.4000	-17.8500	5.081
-20000.00	145000.00	-45.4000	-17.8333	4.623
-20000.00	150000.00	-45.4000	-17.8167	4.218
-15000.00	-100000.00	-45.4000	-17.8000	14.663
-15000.00	-95000.00	-45.4000	-17.7833	16.766
-15000.00	-90000.00	-45.4000	-17.7667	19.269
-15000.00	-85000.00	-45.4000	-17.7500	22.265
-15000.00	-80000.00	-45.4000	-17.7333	25.870
-15000.00	-75000.00	-45.4000	-17.7167	30.234
-15000.00	-70000.00	-45.4000	-17.7000	35.544
-15000.00	-65000.00	-45.4000	-17.6833	42.037
-15000.00	-60000.00	-45.4000	-17.6667	50.008
-15000.00	-55000.00	-45.4000	-17.6500	59.820
-15000.00	-50000.00	-45.4000	-17.6333	71.903
-15000.00	-45000.00	-45.4000	-17.6167	86.745
-15000.00	-40000.00	-45.4000	-17.6000	104.840
-15000.00	-35000.00	-45.4000	-17.5833	126.594
-15000.00	-30000.00	-45.4000	-17.5667	152.126
-15000.00	-25000.00	-45.4000	-17.5500	180.978
-15000.00	-20000.00	-45.4000	-17.5333	211.737
-15000.00	-15000.00	-45.4000	-17.5167	241.737
-15000.00	-10000.00	-45.4000	-17.5000	267.122
-15000.00	-5000.00	-45.4000	-17.4833	283.598
-15000.00	0.00	-45.4000	-17.4667	287.823
-15000.00	5000.00	-45.4000	-17.4500	278.821
-15000.00	10000.00	-45.4000	-17.4333	258.449
-15000.00	15000.00	-45.4000	-17.4167	230.575
-15000.00	20000.00	-45.4000	-17.4000	199.552
-15000.00	25000.00	-45.4000	-17.3833	168.945
-15000.00	30000.00	-45.4000	-17.3667	141.003
-15000.00	35000.00	-45.4000	-17.3500	116.757
-15000.00	40000.00	-45.4000	-17.3333	96.392
-15000.00	45000.00	-45.4000	-17.3167	79.624
-15000.00	50000.00	-45.4000	-17.3000	65.970
-15000.00	55000.00	-45.4000	-17.2833	54.905
-15000.00	60000.00	-45.4000	-17.2667	45.947
-15000.00	65000.00	-45.4000	-17.2500	38.680
-15000.00	70000.00	-45.4000	-17.2333	32.764
-15000.00	75000.00	-45.4000	-17.2167	27.925
-15000.00	80000.00	-45.4000	-17.2000	23.945
-15000.00	85000.00	-45.4000	-17.1833	20.652
-15000.00	90000.00	-45.4000	-17.1667	17.912
-15000.00	95000.00	-45.4000	-17.1500	15.619
-15000.00	100000.00	-45.4000	-17.1333	13.688
-15000.00	105000.00	-45.4000	-17.1167	12.053
-15000.00	110000.00	-45.4000	-17.1000	10.662
-15000.00	115000.00	-45.4000	-17.0833	9.472
-15000.00	120000.00	-45.4000	-17.0667	8.448
-15000.00	125000.00	-45.4000	-17.0500	7.564
-15000.00	130000.00	-45.4000	-17.0333	6.796
-15000.00	135000.00	-45.4000	-17.0167	6.127
-15000.00	140000.00	-45.4000	-17.0000	5.542
-15000.00	145000.00	-45.4000	-16.9833	5.028
-15000.00	150000.00	-45.4000	-16.9667	4.574
-10000.00	-100000.00	-45.4000	-16.9500	13.623
-10000.00	-95000.00	-45.4000	-16.9333	15.553
-10000.00	-90000.00	-45.4000	-16.9167	17.849
-10000.00	-85000.00	-45.4000	-16.9000	20.597
-10000.00	-80000.00	-45.4000	-16.8833	23.906
-10000.00	-75000.00	-45.4000	-16.8667	27.917
-10000.00	-70000.00	-45.4000	-16.8500	32.809
-10000.00	-65000.00	-45.4000	-16.8333	38.812
-10000.00	-60000.00	-45.4000	-16.8167	46.222
-10000.00	-55000.00	-45.4000	-16.8000	55.410
-10000.00	-50000.00	-45.4000	-16.7833	66.840
-10000.00	-45000.00	-45.4000	-16.7667	81.072
-10000.00	-40000.00	-45.4000	-16.7500	98.735
-10000.00	-35000.00	-45.4000	-16.7333	120.466
-10000.00	-30000.00	-45.4000	-16.7167	146.738
-10000.00	-25000.00	-45.4000	-16.7000	177.559
-10000.00	-20000.00	-45.4000	-16.6833	212.011
-10000.00	-15000.00	-45.4000	-16.6667	247.730
-10000.00	-10000.00	-45.4000	-16.6500	280.648
-10000.00	-5000.00	-45.4000	-16.6333	305.502
-10000.00	0.00	-45.4000	-16.6167	317.363
-10000.00	5000.00	-45.4000	-16.6000	313.655
-10000.00	10000.00	-45.4000	-16.5833	295.355
-10000.00	15000.00	-45.4000	-16.5667	266.470
-10000.00	20000.00	-45.4000	-16.5500	232.224
-10000.00	25000.00	-45.4000	-16.5333	197.262
-10000.00	30000.00	-45.4000	-16.5167	164.716
-10000.00	35000.00	-45.4000	-16.5000	136.170
-10000.00	40000.00	-45.3833	-18.2500	112.070
-10000.00	45000.00	-45.3833	-18.2333	92.197
-10000.00	50000.00	-45.3833	-18.2167	76.029
-10000.00	55000.00	-45.3833	-18.2000	62.961
-10000.00	60000.00	-45.3833	-18.1833	52.419
-10000.00	65000.00	-45.3833	-18.1667	43.904
-10000.00	70000.00	-45.3833	-18.1500	37.003
-10000.00	75000.00	-45.3833	-18.1333	31.385
-10000.00	80000.00	-45.3833	-18.1167	26.787
-10000.00	85000.00	-45.3833	-18.1000	23.002
-10000.00	90000.00	-45.3833	-18.0833	19.867
-10000.00	95000.00	-45.3833	-18.0667	17.254
-10000.00	100000.00	-45.3833	-18.0500	15.065
-10000.00	105000.00	-45.3833	-18.0333	13.219
-10000.00	110000.00	-45.3833	-18.0167	11.655
-10000.00	115000.00	-45.3833	-18.0000	10.321
-10000.00	120000.00	-45.3833	-17.9833	9.178
-10000.00	125000.00	-45.3833	-17.9667	8.195
-10000.00	130000.00	-45.3833	-17.9500	7.344
-10000.00	135000.00	-45.3833	-17.9333	6.605
-10000.00	140000.00	-45.3833	-17.9167	5.960
-10000.00	145000.00	-45.3833	-17.9000	5.395
-10000.00	150000.00	-45.3833	-17.8833	4.898
-5000.00	-100000.00	-45.3833	-17.8667	12.270
-5000.00	-95000.00	-45.3833	-17.8500	13.947
-5000.00	-90000.00	-45.3833	-17.8333	15.933
-5000.00	-85000.00	-45.3833	-17.8167	18.297
-5000.00	-80000.00	-45.3833	-17.8000	21.130
-5000.00	-75000.00	-45.3833	-17.7833	24.548
-5000.00	-70000.00	-45.3833	-17.7667	28.697
-5000.00	-65000.00	-45.3833	-17.7500	33.770
-5000.00	-60000.00	-45.3833	-17.7333	40.014
-5000.00	-55000.00	-45.3833	-17.7167	47.748
-5000.00	-50000.00	-45.3833	-17.7000	57.381
-5000.00	-45000.00	-45.3833	-17.6833	69.429
-5000.00	-40000.00	-45.3833	-17.6667	84.519
-5000.00	-35000.00	-45.3833	-17.6500	103.365
-5000.00	-30000.00	-45.3833	-17.6333	126.673
-5000.00	-25000.00	-45.3833	-17.6167	154.914
-5000.00	-20000.00	-45.3833	-17.6000	187.904
-5000.00	-15000.00	-45.3833	-17.5833	224.178
-5000.00	-10000.00	-45.3833	-17.5667	260.412
-5000.00	-5000.00	-45.3833	-17.5500	291.420
-5000.00	0.00	-45.3833	-17.5333	311.348
-5000.00	5000.00	-45.3833	-17.5167	315.915
-5000.00	10000.00	-45.3833	-17.5000	304.396
-5000.00	15000.00	-45.3833	-17.4833	279.844
-5000.00	20000.00	-45.3833	-17.4667	247.460
-5000.00	25000.00	-45.3833	-17.4500	212.468
-5000.00	30000.00	-45.3833	-17.4333	178.740
-5000.00	35000.00	-45.3833	-17.4167	148.483
-5000.00	40000.00	-45.3833	-17.4000	122.552
-5000.00	45000.00	-45.3833	-17.3833	100.955
-5000.00	50000.00	-45.3833	-17.3667	83.270
-5000.00	55000.00	-45.3833	-17.3500	68.918
-5000.00	60000.00	-45.3833	-17.3333	57.313
-5000.00	65000.00	-45.3833	-17.3167	47.929
-5000.00	70000.00	-45.3833	-17.3000	40.324
-5000.00	75000.00	-45.3833	-17.2833	34.135
-5000.00	80000.00	-45.3833	-17.2667	29.075
-5000.00	85000.00	-45.3833	-17.2500	24.914
-5000.00	90000.00	-45.3833	-17.2333	21.473
-5000.00	95000.00	-45.3833	-17.2167	18.611
-5000.00	100000.00	-45.3833	-17.2000	16.217
-5000.00	105000.00	-45.3833	-17.1833	14.201
-5000.00	110000.00	-45.3833	-17.1667	12.496
-5000.00	115000.00	-45.3833	-17.1500	11.046
-5000.00	120000.00	-45.3833	-17.1333	9.805
-5000.00	125000.00	-45.3833	-17.1167	8.739
-5000.00	130000.00	-45.3833	-17.1000	7.819
-5000.00	135000.00	-45.3833	-17.0833	7.021
-5000.00	140000.00	-45.3833	-17.0667	6.325
-5000.00	145000.00	-45.3833	-17.0500	5.717
-5000.00	150000.00	-45.3833	-17.0333	5.183
0.00	-100000.00	-45.3833	-17.0167	10.634
0.00	-95000.00	-45.3833	-17.0000	11.990
0.00	-90000.00	-45.3833	-16.9833	13.574
0.00	-85000.00	-45.3833	-16.9667	15.435
0.00	-80000.00	-45.3833	-16.9500	17.634
0.00	-75000.00	-45.3833	-16.9333	20.245
0.00	-70000.00	-45.3833	-16.9167	23.364
0.00	-65000.00	-45.3833	-16.9000	27.114
0.00	-60000.00	-45.3833	-16.8833	31.651
0.00	-55000.00	-45.3833	-16.8667	37.182
0.00	-50000.00	-45.3833	-16.8500	43.973
0.00	-45000.00	-45.3833	-16.8333	52.380
0.00	-40000.00	-45.3833	-16.8167	62.870
0.00	-35000.00	-45.3833	-16.8000	76.048
0.00	-30000.00	-45.3833	-16.7833	92.659
0.00	-25000.00	-45.3833	-16.7667	113.511
0.00	-20000.00	-45.3833	-16.7500	139.229
0.00	-15000.00	-45.3833	-16.7333	169.712
0.00	-10000.00	-45.3833	-16.7167	203.334
0.00	-5000.00	-45.3833	-16.7000	236.295
0.00	0.00	-45.3833	-16.6833	262.974
0.00	5000.00	-45.3833	-16.6667	277.786
0.00	10000.00	-45.3833	-16.6500	277.708
0.00	15000.00	-45.3833	-16.6333	263.591
0.00	20000.00	-45.3833	-16.6167	239.356
0.00	25000.00	-45.3833	-16.6000	209.954
0.00	30000.00	-45.3833	-16.5833	179.633
0.00	35000.00	-45.3833	-16.5667	151.193
0.00	40000.00	-45.3833	-16.5500	126.048
0.00	45000.00	-45.3833	-16.5333	104.628
0.00	50000.00	-45.3833	-16.5167	86.792
0.00	55000.00	-45.3833	-16.5000	72.135
0.00	60000.00	-45.3667	-18.2500	60.170
0.00	65000.00	-45.3667	-18.2333	50.426
0.00	70000.00	-45.3667	-18.2167	42.486
0.00	75000.00	-45.3667	-18.2000	35.998
0.00	80000.00	-45.3667	-18.1833	30.676
0.00	85000.00	-45.3667	-18.1667	26.290
0.00	90000.00	-45.3667	-18.1500	22.657
0.00	95000.00	-45.3667	-18.1333	19.631
0.00	100000.00	-45.3667	-18.1167	17.098
0.00	105000.00	-45.3667	-18.1000	14.965
0.00	110000.00	-45.3667	-18.0833	13.160
0.00	115000.00	-45.3667	-18.0667	11.625
0.00	120000.00	-45.3667	-18.0500	10.312
0.00	125000.00	-45.3667	-18.0333	9.184
0.00	130000.00	-45.3667	-18.0167	8.210
0.00	135000.00	-45.3667	-18.0000	7.366
0.00	140000.00	-45.3667	-17.9833	6.632
0.00	145000.00	-45.3667	-17.9667	5.989
0.00	150000.00	-45.3667	-17.9500	5.426
5000.00	-100000.00	-45.3667	-17.9333	8.767
5000.00	-95000.00	-45.3667	-17.9167	9.745
5000.00	-90000.00	-45.3667	-17.9000	10.857
5000.00	-85000.00	-45.3667	-17.8833	12.124
5000.00	-80000.00	-45.3667	-17.8667	13.567
5000.00	-75000.00	-45.3667	-17.8500	15.212
5000.00	-70000.00	-45.3667	-17.8333	17.089
5000.00	-65000.00	-45.3667	-17.8167	19.230
5000.00	-60000.00	-45.3667	-17.8000	21.674
5000.00	-55000.00	-45.3667	-17.7833	24.471
5000.00	-50000.00	-45.3667	-17.7667	27.692
5000.00	-45000.00	-45.3667	-17.7500	31.453
5000.00	-40000.00	-45.3667	-17.7333	35.954
5000.00	-35000.00	-45.3667	-17.7167	41.558
5000.00	-30000.00	-45.3667	-17.7000	48.892
5000.00	-25000.00	-45.3667	-17.6833	58.956
5000.00	-20000.00	-45.3667	-17.6667	73.125
5000.00	-15000.00	-45.3667	-17.6500	92.812
5000.00	-10000.00	-45.3667	-17.6333	118.602
5000.00	-5000.00	-45.3667	-17.6167	148.995
5000.00	0.00	-45.3667	-17.6000	179.692
5000.00	5000.00	-45.3667	-17.5833	204.582
5000.00	10000.00	-45.3667	-17.5667	218.369
5000.00	15000.00	-45.3667	-17.5500	218.985
5000.00	20000.00	-45.3667	-17.5333	208.011
5000.00	25000.00	-45.3667	-17.5167	189.212
5000.00	30000.00	-45.3667	-17.5000	166.662
5000.00	35000.00	-45.3667	-17.4833	143.562
5000.00	40000.00	-45.3667	-17.4667	121.910
5000.00	45000.00	-45.3667	-17.4500	102.683
5000.00	50000.00	-45.3667	-17.4333	86.174
5000.00	55000.00	-45.3667	-17.4167	72.287
5000.00	60000.00	-45.3667	-17.4000	60.743
5000.00	65000.00	-45.3667	-17.3833	51.206
5000.00	70000.00	-45.3667	-17.3667	43.344
5000.00	75000.00	-45.3667	-17.3500	36.862
5000.00	80000.00	-45.3667	-17.3333	31.505
5000.00	85000.00	-45.3667	-17.3167	27.064
5000.00	90000.00	-45.3667	-17.3000	23.367
5000.00	95000.00	-45.3667	-17.2833	20.276
5000.00	100000.00	-45.3667	-17.2667	17.679
5000.00	105000.00	-45.3667	-17.2500	15.487
5000.00	110000.00	-45.3667	-17.2333	13.627
5000.00	115000.00	-45.3667	-17.2167	12.042
5000.00	120000.00	-45.3667	-17.2000	10.685
5000.00	125000.00	-45.3667	-17.1833	9.518
5000.00	130000.00	-45.3667	-17.1667	8.510
5000.00	135000.00	-45.3667	-17.1500	7.635
5000.00	140000.00	-45.3667	-17.1333	6.872
5000.00	145000.00	-45.3667	-17.1167	6.206
5000.00	150000.00	-45.3667	-17.1000	5.621
10000.00	-100000.00	-45.3667	-17.0833	6.730
10000.00	-95000.00	-45.3667	-17.0667	7.295
10000.00	-90000.00	-45.3667	-17.0500	7.891
10000.00	-85000.00	-45.3667	-17.0333	8.506
10000.00	-80000.00	-45.3667	-17.0167	9.125
10000.00	-75000.00	-45.3667	-17.0000	9.718
10000.00	-70000.00	-45.3667	-16.9833	10.243
10000.00	-65000.00	-45.3667	-16.9667	10.637
10000.00	-60000.00	-45.3667	-16.9500	10.814
10000.00	-55000.00	-45.3667	-16.9333	10.662
10000.00	-50000.00	-45.3667	-16.9167	10.046
10000.00	-45000.00	-45.3667	-16.9000	8.832
10000.00	-40000.00	-45.3667	-16.8833	6.944
10000.00	-35000.00	-45.3667	-16.8667	4.482
10000.00	-30000.00	-45.3667	-16.8500	1.919
10000.00	-25000.00	-45.3667	-16.8333	0.379
10000.00	-20000.00	-45.3667	-16.8167	1.852
10000.00	-15000.00	-45.3667	-16.8000	9.077
10000.00	-10000.00	-45.3667	-16.7833	24.682
10000.00	-5000.00	-45.3667	-16.7667	49.522
10000.00	0.00	-45.3667	-16.7500	81.081
10000.00	5000.00	-45.3667	-16.7333	113.527
10000.00	10000.00	-45.3667	-16.7167	140.034
10000.00	15000.00	-45.3667	-16.7000	155.870
10000.00	20000.00	-45.3667	-16.6833	159.969
10000.00	25000.00	-45.3667	-16.6667	154.309
10000.00	30000.00	-45.3667	-16.6500	142.223
10000.00	35000.00	-45.3667	-16.6333	126.934
10000.00	40000.00	-45.3667	-16.6167	110.856
10000.00	45000.00	-45.3667	-16.6000	95.485
10000.00	50000.00	-45.3667	-16.5833	81.585
10000.00	55000.00	-45.3667	-16.5667	69.438
10000.00	60000.00	-45.3667	-16.5500	59.041
10000.00	65000.00	-45.3667	-16.5333	50.253
10000.00	70000.00	-45.3667	-16.5167	42.875
10000.00	75000.00	-45.3667	-16.5000	36.701
10000.00	80000.00	-45.3500	-18.2500	31.537
10000.00	85000.00	-45.3500	-18.2333	27.212
10000.00	90000.00	-45.3500	-18.2167	23.582
10000.00	95000.00	-45.3500	-18.2000	20.526
10000.00	100000.00	-45.3500	-18.1833	17.943
10000.00	105000.00	-45.3500	-18.1667	15.752
10000.00	110000.00	-45.3500	-18.1500	13.886
10000.00	115000.00	-45.3500	-18.1333	12.289
10000.00	120000.00	-45.3500	-18.1167	10.918
10000.00	125000.00	-45.3500	-18.1000	9.735
10000.00	130000.00	-45.3500	-18.0833	8.711
10000.00	135000.00	-45.3500	-18.0667	7.821
10000.00	140000.00	-45.3500	-18.0500	7.044
10000.00	145000.00	-45.3500	-18.0333	6.364
10000.00	150000.00	-45.3500	-18.0167	5.766
15000.00	-100000.00	-45.3500	-18.0000	4.593
15000.00	-95000.00	-45.3500	-17.9833	4.731
15000.00	-90000.00	-45.3500	-17.9667	4.795
15000.00	-85000.00	-45.3500	-17.9500	4.746
15000.00	-80000.00	-45.3500	-17.9333	4.527
15000.00	-75000.00	-45.3500	-17.9167	4.059
15000.00	-70000.00	-45.3500	-17.9000	3.235
15000.00	-65000.00	-45.3500	-17.8833	1.906
15000.00	-60000.00	-45.3500	-17.8667	-0.123
15000.00	-55000.00	-45.3500	-17.8500	-3.103
15000.00	-50000.00	-45.3500	-17.8333	-7.335
15000.00	-45000.00	-45.3500	-17.8167	-13.145
15000.00	-40000.00	-45.3500	-17.8000	-20.809
15000.00	-35000.00	-45.3500	-17.7833	-30.397
15000.00	-30000.00	-45.3500	-17.7667	-41.509
15000.00	-25000.00	-45.3500	-17.7500	-52.897
15000.00	-20000.00	-45.3500	-17.7333	-62.123
15000.00	-15000.00	-45.3500	-17.7167	-65.568
15000.00	-10000.00	-45.3500	-17.7000	-59.265
15000.00	-5000.00	-45.3500	-17.6833	-40.710
15000.00	0.00	-45.3500	-17.6667	-10.876
15000.00	5000.00	-45.3500	-17.6500	25.218
15000.00	10000.00	-45.3500	-17.6333	60.319
15000.00	15000.00	-45.3500	-17.6167	88.094
15000.00	20000.00	-45.3500	-17.6000	105.352
15000.00	25000.00	-45.3500	-17.5833	112.225
15000.00	30000.00	-45.3500	-17.5667	110.917
15000.00	35000.00	-45.3500	-17.5500	104.252
15000.00	40000.00	-45.3500	-17.5333	94.730
15000.00	45000.00	-45.3500	-17.5167	84.171
15000.00	50000.00	-45.3500	-17.5000	73.723
15000.00	55000.00	-45.3500	-17.4833	64.013
15000.00	60000.00	-45.3500	-17.4667	55.323
15000.00	65000.00	-45.3500	-17.4500	47.724
15000.00	70000.00	-45.3500	-17.4333	41.172
15000.00	75000.00	-45.3500	-17.4167	35.570
15000.00	80000.00	-45.3500	-17.4000	30.803
15000.00	85000.00	-45.3500	-17.3833	26.753
15000.00	90000.00	-45.3500	-17.3667	23.313
15000.00	95000.00	-45.3500	-17.3500	20.387
15000.00	100000.00	-45.3500	-17.3333	17.893
15000.00	105000.00	-45.3500	-17.3167	15.761
15000.00	110000.00	-45.3500	-17.3000	13.934
15000.00	115000.00	-45.3500	-17.2833	12.363
15000.00	120000.00	-45.3500	-17.2667	11.008
15000.00	125000.00	-45.3500	-17.2500	9.833
15000.00	130000.00	-45.3500	-17.2333	8.813
15000.00	135000.00	-45.3500	-17.2167	7.924
15000.00	140000.00	-45.3500	-17.2000	7.145
15000.00	145000.00	-45.3500	-17.1833	6.462
15000.00	150000.00	-45.3500	-17.1667	5.860
20000.00	-100000.00	-45.3500	-17.1500	2.428
20000.00	-95000.00	-45.3500	-17.1333	2.146
20000.00	-90000.00	-45.3500	-17.1167	1.694
20000.00	-85000.00	-45.3500	-17.1000	1.004
20000.00	-80000.00	-45.3500	-17.0833	-0.010
20000.00	-75000.00	-45.3500	-17.0667	-1.470
20000.00	-70000.00	-45.3500	-17.0500	-3.536
20000.00	-65000.00	-45.3500	-17.0333	-6.419
20000.00	-60000.00	-45.3500	-17.0167	-10.391
20000.00	-55000.00	-45.3500	-17.0000	-15.794
20000.00	-50000.00	-45.3500	-16.9833	-23.025
20000.00	-45000.00	-45.3500	-16.9667	-32.507
20000.00	-40000.00	-45.3500	-16.9500	-44.593
20000.00	-35000.00	-45.3500	-16.9333	-59.385
20000.00	-30000.00	-45.3500	-16.9167	-76.442
20000.00	-25000.00	-45.3500	-16.9000	-94.378
20000.00	-20000.00	-45.3500	-16.8833	-110.516
20000.00	-15000.00	-45.3500	-16.8667	-120.898
20000.00	-10000.00	-45.3500	-16.8500	-121.089
20000.00	-5000.00	-45.3500	-16.8333	-107.900
20000.00	0.00	-45.3500	-16.8167	-81.346
20000.00	5000.00	-45.3500	-16.8000	-45.445
20000.00	10000.00	-45.3500	-16.7833	-6.905
20000.00	15000.00	-45.3500	-16.7667	27.594
20000.00	20000.00	-45.3500	-16.7500	53.712
20000.00	25000.00	-45.3500	-16.7333	70.141
20000.00	30000.00	-45.3500	-16.7167	77.888
20000.00	35000.00	-45.3500	-16.7000	79.066
20000.00	40000.00	-45.3500	-16.6833	75.922
20000.00	45000.00	-45.3500	-16.6667	70.327
20000.00	50000.00	-45.3500	-16.6500	63.628
20000.00	55000.00	-45.3500	-16.6333	56.695
20000.00	60000.00	-45.3500	-16.6167	50.037
20000.00	65000.00	-45.3500	-16.6000	43.912
20000.00	70000.00	-45.3500	-16.5833	38.428
20000.00	75000.00	-45.3500	-16.5667	33.598
20000.00	80000.00	-45.3500	-16.5500	29.389
20000.00	85000.00	-45.3500	-16.5333	25.743
20000.00	90000.00	-45.3500	-16.5167	22.595
20000.00	95000.00	-45.3500	-16.5000	19.882
20000.00	100000.00	-45.3333	-18.2500	17.544
20000.00	105000.00	-45.3333	-18.2333	15.525
20000.00	110000.00	-45.3333	-18.2167	13.781
20000.00	115000.00	-45.3333	-18.2000	12.270
20000.00	120000.00	-45.3333	-18.1833	10.957
20000.00	125000.00	-45.3333	-18.1667	9.814
20000.00	130000.00	-45.3333	-18.1500	8.817
20000.00	135000.00	-45.3333	-18.1333	7.943
20000.00	140000.00	-45.3333	-18.1167	7.175
20000.00	145000.00	-45.3333	-18.1000	6.500
20000.00	150000.00	-45.3333	-18.0833	5.902
25000.00	-100000.00	-45.3333	-18.0667	0.304
25000.00	-95000.00	-45.3333	-18.0500	-0.369
25000.00	-90000.00	-45.3333	-18.0333	-1.298
25000.00	-85000.00	-45.3333	-18.0167	-2.568
25000.00	-80000.00	-45.3333	-18.0000	-4.290
25000.00	-75000.00	-45.3333	-17.9833	-6.614
25000.00	-70000.00	-45.3333	-17.9667	-9.732
25000.00	-65000.00	-45.3333	-17.9500	-13.892
25000.00	-60000.00	-45.3333	-17.9333	-19.405
25000.00	-55000.00	-45.3333	-17.9167	-26.643
25000.00	-50000.00	-45.3333	-17.9000	-36.028
25000.00	-45000.00	-45.3333	-17.8833	-47.980
25000.00	-40000.00	-45.3333	-17.8667	-62.815
25000.00	-35000.00	-45.3333	-17.8500	-80.555
25000.00	-30000.00	-45.3333	-17.8333	-100.643
25000.00	-25000.00	-45.3333	-17.8167	-121.592
25000.00	-20000.00	-45.3333	-17.8000	-140.708
25000.00	-15000.00	-45.3333	-17.7833	-154.175
25000.00	-10000.00	-45.3333	-17.7667	-157.796
25000.00	-5000.00	-45.3333	-17.7500	-148.462
25000.00	0.00	-45.3333	-17.7333	-125.787
25000.00	5000.00	-45.3333	-17.7167	-92.829
25000.00	10000.00	-45.3333	-17.7000	-55.208
25000.00	15000.00	-45.3333	-17.6833	-19.011
25000.00	20000.00	-45.3333	-17.6667	11.207
25000.00	25000.00	-45.3333	-17.6500	33.314
25000.00	30000.00	-45.3333	-17.6333	47.322
25000.00	35000.00	-45.3333	-17.6167	54.540
25000.00	40000.00	-45.3333	-17.6000	56.735
25000.00	45000.00	-45.3333	-17.5833	55.586
25000.00	50000.00	-45.3333	-17.5667	52.442
25000.00	55000.00	-45.3333	-17.5500	48.273
25000.00	60000.00	-45.3333	-17.5333	43.724
25000.00	65000.00	-45.3333	-17.5167	39.192
25000.00	70000.00	-45.3333	-17.5000	34.900
25000.00	75000.00	-45.3333	-17.4833	30.962
25000.00	80000.00	-45.3333	-17.4667	27.417
25000.00	85000.00	-45.3333	-17.4500	24.268
25000.00	90000.00	-45.3333	-17.4333	21.492
25000.00	95000.00	-45.3333	-17.4167	19.057
25000.00	100000.00	-45.3333	-17.4000	16.927
25000.00	105000.00	-45.3333	-17.3833	15.066
25000.00	110000.00	-45.3333	-17.3667	13.440
25000.00	115000.00	-45.3333	-17.3500	12.019
25000.00	120000.00	-45.3333	-17.3333	10.775
25000.00	125000.00	-45.3333	-17.3167	9.684
25000.00	130000.00	-45.3333	-17.3000	8.726
25000.00	135000.00	-45.3333	-17.2833	7.882
25000.00	140000.00	-45.3333	-17.2667	7.137
25000.00	145000.00	-45.3333	-17.2500	6.478
25000.00	150000.00	-45.3333	-17.2333	5.894
30000.00	-100000.00	-45.3333	-17.2167	-1.716
30000.00	-95000.00	-45.3333	-17.2000	-2.738
30000.00	-90000.00	-45.3333	-17.1833	-4.082
30000.00	-85000.00	-45.3333	-17.1667	-5.846
30000.00	-80000.00	-45.3333	-17.1500	-8.157
30000.00	-75000.00	-45.3333	-17.1333	-11.175
30000.00	-70000.00	-45.3333	-17.1167	-15.108
30000.00	-65000.00	-45.3333	-17.1000	-20.211
30000.00	-60000.00	-45.3333	-17.0833	-26.795
30000.00	-55000.00	-45.3333	-17.0667	-35.217
30000.00	-50000.00	-45.3333	-17.0500	-45.859
30000.00	-45000.00	-45.3333	-17.0333	-59.068
30000.00	-40000.00	-45.3333	-17.0167	-75.051
30000.00	-35000.00	-45.3333	-17.0000	-93.696
30000.00	-30000.00	-45.3333	-16.9833	-114.325
30000.00	-25000.00	-45.3333	-16.9667	-135.433
30000.00	-20000.00	-45.3333	-16.9500	-154.510
30000.00	-15000.00	-45.3333	-16.9333	-168.195
30000.00	-10000.00	-45.3333	-16.9167	-172.928
30000.00	-5000.00	-45.3333	-16.9000	-166.095
30000.00	0.00	-45.3333	-16.8833	-147.246
30000.00	5000.00	-45.3333	-16.8667	-118.644
30000.00	10000.00	-45.3333	-16.8500	-84.678
30000.00	15000.00	-45.3333	-16.8333	-50.385
30000.00	20000.00	-45.3333	-16.8167	-19.912
30000.00	25000.00	-45.3333	-16.8000	4.341
30000.00	30000.00	-45.3333	-16.7833	21.732
30000.00	35000.00	-45.3333	-16.7667	32.861
30000.00	40000.00	-45.3333	-16.7500	38.943
30000.00	45000.00	-45.3333	-16.7333	41.320
30000.00	50000.00	-45.3333	-16.7167	41.191
30000.00	55000.00	-45.3333	-16.7000	39.499
30000.00	60000.00	-45.3333	-16.6833	36.931
30000.00	65000.00	-45.3333	-16.6667	33.955
30000.00	70000.00	-45.3333	-16.6500	30.872
30000.00	75000.00	-45.3333	-16.6333	27.864
30000.00	80000.00	-45.3333	-16.6167	25.035
30000.00	85000.00	-45.3333	-16.6000	22.433
30000.00	90000.00	-45.3333	-16.5833	20.077
30000.00	95000.00	-45.3333	-16.5667	17.965
30000.00	100000.00	-45.3333	-16.5500	16.083
30000.00	105000.00	-45.3333	-16.5333	14.413
30000.00	110000.00	-45.3333	-16.5167	12.935
30000.00	115000.00	-45.3333	-16.5000	11.628
30000.00	120000.00	-45.3167	-18.2500	10.473
30000.00	125000.00	-45.3167	-18.2333	9.451
30000.00	130000.00	-45.3167	-18.2167	8.547
30000.00	135000.00	-45.3167	-18.2000	7.746
30000.00	140000.00	-45.3167	-18.1833	7.034
30000.00	145000.00	-45.3167	-18.1667	6.401
30000.00	150000.00	-45.3167	-18.1500	5.838
35000.00	-100000.00	-45.3167	-18.1333	-3.582
35000.00	-95000.00	-45.3167	-18.1167	-4.897
35000.00	-90000.00	-45.3167	-18.1000	-6.582
35000.00	-85000.00	-45.3167	-18.0833	-8.741
35000.00	-80000.00	-45.3167	-18.0667	-11.501
35000.00	-75000.00	-45.3167	-18.0500	-15.028
35000.00	-70000.00	-45.3167	-18.0333	-19.520
35000.00	-65000.00	-45.3167	-18.0167	-25.222
35000.00	-60000.00	-45.3167	-18.0000	-32.412
35000.00	-55000.00	-45.3167	-17.9833	-41.401
35000.00	-50000.00	-45.3167	-17.9667	-52.492
35000.00	-45000.00	-45.3167	-17.9500	-65.924
35000.00	-40000.00	-45.3167	-17.9333	-81.771
35000.00	-35000.00	-45.3167	-17.9167	-99.790
35000.00	-30000.00	-45.3167	-17.9000	-119.232
35000.00	-25000.00	-45.3167	-17.8833	-138.665
35000.00	-20000.00	-45.3167	-17.8667	-155.896
35000.00	-15000.00	-45.3167	-17.8500	-168.162
35000.00	-10000.00	-45.3167	-17.8333	-172.659
35000.00	-5000.00	-45.3167	-17.8167	-167.384
35000.00	0.00	-45.3167	-17.8000	-151.973
35000.00	5000.00	-45.3167	-17.7833	-128.071
35000.00	10000.00	-45.3167	-17.7667	-98.953
35000.00	15000.00	-45.3167	-17.7500	-68.528
35000.00	20000.00	-45.3167	-17.7333	-40.253
35000.00	25000.00	-45.3167	-17.7167	-16.416
35000.00	30000.00	-45.3167	-17.7000	2.014
35000.00	35000.00	-45.3167	-17.6833	15.119
35000.00	40000.00	-45.3167	-17.6667	23.616
35000.00	45000.00	-45.3167	-17.6500	28.473
35000.00	50000.00	-45.3167	-17.6333	30.655
35000.00	55000.00	-45.3167	-17.6167	30.993
35000.00	60000.00	-45.3167	-17.6000	30.136
35000.00	65000.00	-45.3167	-17.5833	28.564
35000.00	70000.00	-45.3167	-17.5667	26.614
35000.00	75000.00	-45.3167	-17.5500	24.508
35000.00	80000.00	-45.3167	-17.5333	22.392
35000.00	85000.00	-45.3167	-17.5167	20.351
35000.00	90000.00	-45.3167	-17.5000	18.436
35000.00	95000.00	-45.3167	-17.4833	16.669
35000.00	100000.00	-45.3167	-17.4667	15.058
35000.00	105000.00	-45.3167	-17.4500	13.602
35000.00	110000.00	-45.3167	-17.4333	12.292
35000.00	115000.00	-45.3167	-17.4167	11.117
35000.00	120000.00	-45.3167	-17.4000	10.067
35000.00	125000.00	-45.3167	-17.3833	9.128
35000.00	130000.00	-45.3167	-17.3667	8.290
35000.00	135000.00	-45.3167	-17.3500	7.541
35000.00	140000.00	-45.3167	-17.3333	6.872
35000.00	145000.00	-45.3167	-17.3167	6.273
35000.00	150000.00	-45.3167	-17.3000	5.737
40000.00	-100000.00	-45.3167	-17.2833	-5.255
40000.00	-95000.00	-45.3167	-17.2667	-6.803
40000.00	-90000.00	-45.3167	-17.2500	-8.749
40000.00	-85000.00	-45.3167	-17.2333	-11.195
40000.00	-80000.00	-45.3167	-17.2167	-14.265
40000.00	-75000.00	-45.3167	-17.2000	-18.113
40000.00	-70000.00	-45.3167	-17.1833	-22.922
40000.00	-65000.00	-45.3167	-17.1667	-28.904
40000.00	-60000.00	-45.3167	-17.1500	-36.293
40000.00	-55000.00	-45.3167	-17.1333	-45.331
40000.00	-50000.00	-45.3167	-17.1167	-56.231
40000.00	-45000.00	-45.3167	-17.1000	-69.120
40000.00	-40000.00	-45.3167	-17.0833	-83.953
40000.00	-35000.00	-45.3167	-17.0667	-100.394
40000.00	-30000.00	-45.3167	-17.0500	-117.685
40000.00	-25000.00	-45.3167	-17.0333	-134.539
40000.00	-20000.00	-45.3167	-17.0167	-149.141
40000.00	-15000.00	-45.3167	-17.0000	-159.327
40000.00	-10000.00	-45.3167	-16.9833	-163.000
40000.00	-5000.00	-45.3167	-16.9667	-158.717
40000.00	0.00	-45.3167	-16.9500	-146.232
40000.00	5000.00	-45.3167	-16.9333	-126.733
40000.00	10000.00	-45.3167	-16.9167	-102.590
40000.00	15000.00	-45.3167	-16.9000	-76.721
40000.00	20000.00	-45.3167	-16.8833	-51.845
40000.00	25000.00	-45.3167	-16.8667	-29.946
40000.00	30000.00	-45.3167	-16.8500	-12.080
40000.00	35000.00	-45.3167	-16.8333	1.520
40000.00	40000.00	-45.3167	-16.8167	11.187
40000.00	45000.00	-45.3167	-16.8000	17.551
40000.00	50000.00	-45.3167	-16.7833	21.328
40000.00	55000.00	-45.3167	-16.7667	23.189
40000.00	60000.00	-45.3167	-16.7500	23.703
40000.00	65000.00	-45.3167	-16.7333	23.315
40000.00	70000.00	-45.3167	-16.7167	22.360
40000.00	75000.00	-45.3167	-16.7000	21.076
40000.00	80000.00	-45.3167	-16.6833	19.630
40000.00	85000.00	-45.3167	-16.6667	18.131
40000.00	90000.00	-45.3167	-16.6500	16.651
40000.00	95000.00	-45.3167	-16.6333	15.234
40000.00	100000.00	-45.3167	-16.6167	13.903
40000.00	105000.00	-45.3167	-16.6000	12.670
40000.00	110000.00	-45.3167	-16.5833	11.539
40000.00	115000.00	-45.3167	-16.5667	10.509
40000.00	120000.00	-45.3167	-16.5500	9.574
40000.00	125000.00	-45.3167	-16.5333	8.729
40000.00	130000.00	-45.3167	-16.5167	7.965
40000.00	135000.00	-45.3167	-16.5000	7.277
40000.00	140000.00	-45.3000	-18.2500	6.657
40000.00	145000.00	-45.3000	-18.2333	6.098
40000.00	150000.00	-45.3000	-18.2167	5.594
45000.00	-100000.00	-45.3000	-18.2000	-6.710
45000.00	-95000.00	-45.3000	-18.1833	-8.429
45000.00	-90000.00	-45.3000	-18.1667	-10.556
45000.00	-85000.00	-45.3000	-18.1500	-13.186
45000.00	-80000.00	-45.3000	-18.1333	-16.433
45000.00	-75000.00	-45.3000	-18.1167	-20.434
45000.00	-70000.00	-45.3000	-18.1000	-25.346
45000.00	-65000.00	-45.3000	-18.0833	-31.342
45000.00	-60000.00	-45.3000	-18.0667	-38.604
45000.00	-55000.00	-45.3000	-18.0500	-47.303
45000.00	-50000.00	-45.3000	-18.0333	-57.565
45000.00	-45000.00	-45.3000	-18.0167	-69.423
45000.00	-40000.00	-45.3000	-18.0000	-82.744
45000.00	-35000.00	-45.3000	-17.9833	-97.147
45000.00	-30000.00	-45.3000	-17.9667	-111.915
45000.00	-25000.00	-45.3000	-17.9500	-125.952
45000.00	-20000.00	-45.3000	-17.9333	-137.811
45000.00	-15000.00	-45.3000	-17.9167	-145.859
45000.00	-10000.00	-45.3000	-17.9000	-148.581
45000.00	-5000.00	-45.3000	-17.8833	-144.977
45000.00	0.00	-45.3000	-17.8667	-134.904
45000.00	5000.00	-45.3000	-17.8500	-119.216
45000.00	10000.00	-45.3000	-17.8333	-99.605
45000.00	15000.00	-45.3000	-17.8167	-78.193
45000.00	20000.00	-45.3000	-17.8000	-57.046
45000.00	25000.00	-45.3000	-17.7833	-37.783
45000.00	30000.00	-45.3000	-17.7667	-21.402
45000.00	35000.00	-45.3000	-17.7500	-8.291
45000.00	40000.00	-45.3000	-17.7333	1.623
45000.00	45000.00	-45.3000	-17.7167	8.703
45000.00	50000.00	-45.3000	-17.7000	13.441
45000.00	55000.00	-45.3000	-17.6833	16.344
45000.00	60000.00	-45.3000	-17.6667	17.876
45000.00	65000.00	-45.3000	-17.6500	18.424
45000.00	70000.00	-45.3000	-17.6333	18.294
45000.00	75000.00	-45.3000	-17.6167	17.720
45000.00	80000.00	-45.3000	-17.6000	16.871
45000.00	85000.00	-45.3000	-17.5833	15.870
45000.00	90000.00	-45.3000	-17.5667	14.801
45000.00	95000.00	-45.3000	-17.5500	13.720
45000.00	100000.00	-45.3000	-17.5333	12.664
45000.00	105000.00	-45.3000	-17.5167	11.656
45000.00	110000.00	-45.3000	-17.5000	10.708
45000.00	115000.00	-45.3000	-17.4833	9.826
45000.00	120000.00	-45.3000	-17.4667	9.013
45000.00	125000.00	-45.3000	-17.4500	8.267
45000.00	130000.00	-45.3000	-17.4333	7.585
45000.00	135000.00	-45.3000	-17.4167	6.963
45000.00	140000.00	-45.3000	-17.4000	6.397
45000.00	145000.00	-45.3000	-17.3833	5.883
45000.00	150000.00	-45.3000	-17.3667	5.416
50000.00	-100000.00	-45.3000	-17.3500	-7.937
50000.00	-95000.00	-45.3000	-17.3333	-9.767
50000.00	-90000.00	-45.3000	-17.3167	-12.000
50000.00	-85000.00	-45.3000	-17.3000	-14.720
50000.00	-80000.00	-45.3000	-17.2833	-18.028
50000.00	-75000.00	-45.3000	-17.2667	-22.039
50000.00	-70000.00	-45.3000	-17.2500	-26.880
50000.00	-65000.00	-45.3000	-17.2333	-32.685
50000.00	-60000.00	-45.3000	-17.2167	-39.585
50000.00	-55000.00	-45.3000	-17.2000	-47.686
50000.00	-50000.00	-45.3000	-17.1833	-57.043
50000.00	-45000.00	-45.3000	-17.1667	-67.617
50000.00	-40000.00	-45.3000	-17.1500	-79.225
50000.00	-35000.00	-45.3000	-17.1333	-91.479
50000.00	-30000.00	-45.3000	-17.1167	-103.743
50000.00	-25000.00	-45.3000	-17.1000	-115.114
50000.00	-20000.00	-45.3000	-17.0833	-124.474
50000.00	-15000.00	-45.3000	-17.0667	-130.620
50000.00	-10000.00	-45.3000	-17.0500	-132.485
50000.00	-5000.00	-45.3000	-17.0333	-129.391
50000.00	0.00	-45.3000	-17.0167	-121.268
50000.00	5000.00	-45.3000	-17.0000	-108.733
50000.00	10000.00	-45.3000	-16.9833	-92.983
50000.00	15000.00	-45.3000	-16.9667	-75.545
50000.00	20000.00	-45.3000	-16.9500	-57.951
50000.00	25000.00	-45.3000	-16.9333	-41.478
50000.00	30000.00	-45.3000	-16.9167	-26.993
50000.00	35000.00	-45.3000	-16.9000	-14.936
50000.00	40000.00	-45.3000	-16.8833	-5.384
50000.00	45000.00	-45.3000	-16.8667	1.833
50000.00	50000.00	-45.3000	-16.8500	7.026
50000.00	55000.00	-45.3000	-16.8333	10.558
50000.00	60000.00	-45.3000	-16.8167	12.786
50000.00	65000.00	-45.3000	-16.8000	14.025
50000.00	70000.00	-45.3000	-16.7833	14.543
50000.00	75000.00	-45.3000	-16.7667	14.551
50000.00	80000.00	-45.3000	-16.7500	14.212
50000.00	85000.00	-45.3000	-16.7333	13.649
50000.00	90000.00	-45.3000	-16.7167	12.951
50000.00	95000.00	-45.3000	-16.7000	12.182
50000.00	100000.00	-45.3000	-16.6833	11.386
50000.00	105000.00	-45.3000	-16.6667	10.594
50000.00	110000.00	-45.3000	-16.6500	9.826
50000.00	115000.00	-45.3000	-16.6333	9.093
50000.00	120000.00	-45.3000	-16.6167	8.402
50000.00	125000.00	-45.3000	-16.6000	7.758
50000.00	130000.00	-45.3000	-16.5833	7.160
50000.00	135000.00	-45.3000	-16.5667	6.608
50000.00	140000.00	-45.3000	-16.5500	6.100
50000.00	145000.00	-45.3000	-16.5333	5.634
50000.00	150000.00	-45.3000	-16.5167	5.207
55000.00	-100000.00	-45.3000	-16.5000	-8.933
55000.00	-95000.00	-45.2833	-18.2500	-10.821
55000.00	-90000.00	-45.2833	-18.2333	-13.092
55000.00	-85000.00	-45.2833	-18.2167	-15.823
55000.00	-80000.00	-45.2833	-18.2000	-19.096
55000.00	-75000.00	-45.2833	-18.1833	-23.004
55000.00	-70000.00	-45.2833	-18.1667	-27.645
55000.00	-65000.00	-45.2833	-18.1500	-33.117
55000.00	-60000.00	-45.2833	-18.1333	-39.503
55000.00	-55000.00	-45.2833	-18.1167	-46.859
55000.00	-50000.00	-45.2833	-18.1000	-55.185
55000.00	-45000.00	-45.2833	-18.0833	-64.399
55000.00	-40000.00	-45.2833	-18.0667	-74.293
55000.00	-35000.00	-45.2833	-18.0500	-84.506
55000.00	-30000.00	-45.2833	-18.0333	-94.493
55000.00	-25000.00	-45.2833	-18.0167	-103.534
55000.00	-20000.00	-45.2833	-18.0000	-110.781
55000.00	-15000.00	-45.2833	-17.9833	-115.365
55000.00	-10000.00	-45.2833	-17.9667	-116.541
55000.00	-5000.00	-45.2833	-17.9500	-113.860
55000.00	0.00	-45.2833	-17.9333	-107.298
55000.00	5000.00	-45.2833	-17.9167	-97.300
55000.00	10000.00	-45.2833	-17.9000	-84.717
55000.00	15000.00	-45.2833	-17.8833	-70.638
55000.00	20000.00	-45.2833	-17.8667	-56.189
55000.00	25000.00	-45.2833	-17.8500	-42.352
55000.00	30000.00	-45.2833	-17.8333	-29.846
55000.00	35000.00	-45.2833	-17.8167	-19.097
55000.00	40000.00	-45.2833	-17.8000	-10.261
55000.00	45000.00	-45.2833	-17.7833	-3.292
55000.00	50000.00	-45.2833	-17.7667	1.989
55000.00	55000.00	-45.2833	-17.7500	5.823
55000.00	60000.00	-45.2833	-17.7333	8.473
55000.00	65000.00	-45.2833	-17.7167	10.186
55000.00	70000.00	-45.2833	-17.7000	11.183
55000.00	75000.00	-45.2833	-17.6833	11.646
55000.00	80000.00	-45.2833	-17.6667	11.723
55000.00	85000.00	-45.2833	-17.6500	11.530
55000.00	90000.00	-45.2833	-17.6333	11.156
55000.00	95000.00	-45.2833	-17.6167	10.665
55000.00	100000.00	-45.2833	-17.6000	10.108
55000.00	105000.00	-45.2833	-17.5833	9.518
55000.00	110000.00	-45.2833	-17.5667	8.920
55000.00	115000.00	-45.2833	-17.5500	8.330
55000.00	120000.00	-45.2833	-17.5333	7.760
55000.00	125000.00	-45.2833	-17.5167	7.216
55000.00	130000.00	-45.2833	-17.5000	6.703
55000.00	135000.00	-45.2833	-17.4833	6.222
55000.00	140000.00	-45.2833	-17.4667	5.774
55000.00	145000.00	-45.2833	-17.4500	5.358
55000.00	150000.00	-45.2833	-17.4333	4.973
60000.00	-100000.00	-45.2833	-17.4167	-9.708
60000.00	-95000.00	-45.2833	-17.4000	-11.605
60000.00	-90000.00	-45.2833	-17.3833	-13.861
60000.00	-85000.00	-45.2833	-17.3667	-16.537
60000.00	-80000.00	-45.2833	-17.3500	-19.701
60000.00	-75000.00	-45.2833	-17.3333	-23.424
60000.00	-70000.00	-45.2833	-17.3167	-27.777
60000.00	-65000.00	-45.2833	-17.3000	-32.826
60000.00	-60000.00	-45.2833	-17.2833	-38.618
60000.00	-55000.00	-45.2833	-17.2667	-45.168
60000.00	-50000.00	-45.2833	-17.2500	-52.443
60000.00	-45000.00	-45.2833	-17.2333	-60.334
60000.00	-40000.00	-45.2833	-17.2167	-68.635
60000.00	-35000.00	-45.2833	-17.2000	-77.024
60000.00	-30000.00	-45.2833	-17.1833	-85.049
60000.00	-25000.00	-45.2833	-17.1667	-92.148
60000.00	-20000.00	-45.2833	-17.1500	-97.689
60000.00	-15000.00	-45.2833	-17.1333	-101.047
60000.00	-10000.00	-45.2833	-17.1167	-101.709
60000.00	-5000.00	-45.2833	-17.1000	-99.379
60000.00	0.00	-45.2833	-17.0833	-94.059
60000.00	5000.00	-45.2833	-17.0667	-86.075
60000.00	10000.00	-45.2833	-17.0500	-76.030
60000.00	15000.00	-45.2833	-17.0333	-64.704
60000.00	20000.00	-45.2833	-17.0167	-52.920
60000.00	25000.00	-45.2833	-17.0000	-41.422
60000.00	30000.00	-45.2833	-16.9833	-30.790
60000.00	35000.00	-45.2833	-16.9667	-21.404
60000.00	40000.00	-45.2833	-16.9500	-13.451
60000.00	45000.00	-45.2833	-16.9333	-6.958
60000.00	50000.00	-45.2833	-16.9167	-1.840
60000.00	55000.00	-45.2833	-16.9000	2.057
60000.00	60000.00	-45.2833	-16.8833	4.915
60000.00	65000.00	-45.2833	-16.8667	6.920
60000.00	70000.00	-45.2833	-16.8500	8.247
60000.00	75000.00	-45.2833	-16.8333	9.047
60000.00	80000.00	-45.2833	-16.8167	9.450
60000.00	85000.00	-45.2833	-16.8000	9.558
60000.00	90000.00	-45.2833	-16.7833	9.456
60000.00	95000.00	-45.2833	-16.7667	9.207
60000.00	100000.00	-45.2833	-16.7500	8.861
60000.00	105000.00	-45.2833	-16.7333	8.453
60000.00	110000.00	-45.2833	-16.7167	8.012
60000.00	115000.00	-45.2833	-16.7000	7.557
60000.00	120000.00	-45.2833	-16.6833	7.102
60000.00	125000.00	-45.2833	-16.6667	6.656
60000.00	130000.00	-45.2833	-16.6500	6.225
60000.00	135000.00	-45.2833	-16.6333	5.815
60000.00	140000.00	-45.2833	-16.6167	5.426
60000.00	145000.00	-45.2833	-16.6000	5.061
60000.00	150000.00	-45.2833	-16.5833	4.719
65000.00	-100000.00	-45.2833	-16.5667	-10.275
65000.00	-95000.00	-45.2833	-16.5500	-12.145
65000.00	-90000.00	-45.2833	-16.5333	-14.341
65000.00	-85000.00	-45.2833	-16.5167	-16.913
65000.00	-80000.00	-45.2833	-16.5000	-19.914
65000.00	-75000.00	-45.2667	-18.2500	-23.397
65000.00	-70000.00	-45.2667	-18.2333	-27.409
65000.00	-65000.00	-45.2667	-18.2167	-31.991
65000.00	-60000.00	-45.2667	-18.2000	-37.160
65000.00	-55000.00	-45.2667	-18.1833	-42.907
65000.00	-50000.00	-45.2667	-18.1667	-49.176
65000.00	-45000.00	-45.2667	-18.1500	-55.850
65000.00	-40000.00	-45.2667	-18.1333	-62.737
65000.00	-35000.00	-45.2667	-18.1167	-69.559
65000.00	-30000.00	-45.2667	-18.1000	-75.952
65000.00	-25000.00	-45.2667	-18.0833	-81.483
65000.00	-20000.00	-45.2667	-18.0667	-85.684
65000.00	-15000.00	-45.2667	-18.0500	-88.109
65000.00	-10000.00	-45.2667	-18.0333	-88.405
65000.00	-5000.00	-45.2667	-18.0167	-86.379
65000.00	0.00	-45.2667	-18.0000	-82.046
65000.00	5000.00	-45.2667	-17.9833	-75.647
65000.00	10000.00	-45.2667	-17.9667	-67.612
65000.00	15000.00	-45.2667	-17.9500	-58.502
65000.00	20000.00	-45.2667	-17.9333	-48.918
65000.00	25000.00	-45.2667	-17.9167	-39.421
65000.00	30000.00	-45.2667	-17.9000	-30.468
65000.00	35000.00	-45.2667	-17.8833	-22.385
65000.00	40000.00	-45.2667	-17.8667	-15.359
65000.00	45000.00	-45.2667	-17.8500	-9.456
65000.00	50000.00	-45.2667	-17.8333	-4.651
65000.00	55000.00	-45.2667	-17.8167	-0.856
65000.00	60000.00	-45.2667	-17.8000	2.051
65000.00	65000.00	-45.2667	-17.7833	4.204
65000.00	70000.00	-45.2667	-17.7667	5.737
65000.00	75000.00	-45.2667	-17.7500	6.772
65000.00	80000.00	-45.2667	-17.7333	7.416
65000.00	85000.00	-45.2667	-17.7167	7.761
65000.00	90000.00	-45.2667	-17.7000	7.880
65000.00	95000.00	-45.2667	-17.6833	7.834
65000.00	100000.00	-45.2667	-17.6667	7.669
65000.00	105000.00	-45.2667	-17.6500	7.423
65000.00	110000.00	-45.2667	-17.6333	7.123
65000.00	115000.00	-45.2667	-17.6167	6.791
65000.00	120000.00	-45.2667	-17.6000	6.442
65000.00	125000.00	-45.2667	-17.5833	6.088
65000.00	130000.00	-45.2667	-17.5667	5.737
65000.00	135000.00	-45.2667	-17.5500	5.394
65000.00	140000.00	-45.2667	-17.5333	5.064
65000.00	145000.00	-45.2667	-17.5167	4.749
65000.00	150000.00	-45.2667	-17.5000	4.450
70000.00	-100000.00	-45.2667	-17.4833	-10.656
70000.00	-95000.00	-45.2667	-17.4667	-12.466
70000.00	-90000.00	-45.2667	-17.4500	-14.569
70000.00	-85000.00	-45.2667	-17.4333	-17.003
70000.00	-80000.00	-45.2667	-17.4167	-19.807
70000.00	-75000.00	-45.2667	-17.4000	-23.017
70000.00	-70000.00	-45.2667	-17.3833	-26.664
70000.00	-65000.00	-45.2667	-17.3667	-30.767
70000.00	-60000.00	-45.2667	-17.3500	-35.325
70000.00	-55000.00	-45.2667	-17.3333	-40.310
70000.00	-50000.00	-45.2667	-17.3167	-45.657
70000.00	-45000.00	-45.2667	-17.3000	-51.250
70000.00	-40000.00	-45.2667	-17.2833	-56.920
70000.00	-35000.00	-45.2667	-17.2667	-62.432
70000.00	-30000.00	-45.2667	-17.2500	-67.498
70000.00	-25000.00	-45.2667	-17.2333	-71.787
70000.00	-20000.00	-45.2667	-17.2167	-74.955
70000.00	-15000.00	-45.2667	-17.2000	-76.683
70000.00	-10000.00	-45.2667	-17.1833	-76.730
70000.00	-5000.00	-45.2667	-17.1667	-74.969
70000.00	0.00	-45.2667	-17.1500	-71.422
70000.00	5000.00	-45.2667	-17.1333	-66.266
70000.00	10000.00	-45.2667	-17.1167	-59.815
70000.00	15000.00	-45.2667	-17.1000	-52.471
70000.00	20000.00	-45.2667	-17.0833	-44.676
70000.00	25000.00	-45.2667	-17.0667	-36.850
70000.00	30000.00	-45.2667	-17.0500	-29.352
70000.00	35000.00	-45.2667	-17.0333	-22.453
70000.00	40000.00	-45.2667	-17.0167	-16.323
70000.00	45000.00	-45.2667	-17.0000	-11.048
70000.00	50000.00	-45.2667	-16.9833	-6.637
70000.00	55000.00	-45.2667	-16.9667	-3.047
70000.00	60000.00	-45.2667	-16.9500	-0.203
70000.00	65000.00	-45.2667	-16.9333	1.991
70000.00	70000.00	-45.2667	-16.9167	3.632
70000.00	75000.00	-45.2667	-16.9000	4.816
70000.00	80000.00	-45.2667	-16.8833	5.630
70000.00	85000.00	-45.2667	-16.8667	6.151
70000.00	90000.00	-45.2667	-16.8500	6.444
70000.00	95000.00	-45.2667	-16.8333	6.563
70000.00	100000.00	-45.2667	-16.8167	6.551
70000.00	105000.00	-45.2667	-16.8000	6.443
70000.00	110000.00	-45.2667	-16.7833	6.267
70000.00	115000.00	-45.2667	-16.7667	6.045
70000.00	120000.00	-45.2667	-16.7500	5.794
70000.00	125000.00	-45.2667	-16.7333	5.525
70000.00	130000.00	-45.2667	-16.7167	5.247
70000.00	135000.00	-45.2667	-16.7000	4.969
70000.00	140000.00	-45.2667	-16.6833	4.695
70000.00	145000.00	-45.2667	-16.6667	4.428
70000.00	150000.00	-45.2667	-16.6500	4.171
75000.00	-100000.00	-45.2667	-16.6333	-10.871
75000.00	-95000.00	-45.2667	-16.6167	-12.601
75000.00	-90000.00	-45.2667	-16.6000	-14.587
75000.00	-85000.00	-45.2667	-16.5833	-16.861
75000.00	-80000.00	-45.2667	-16.5667	-19.447
75000.00	-75000.00	-45.2667	-16.5500	-22.372
75000.00	-70000.00	-45.2667	-16.5333	-25.650
75000.00	-65000.00	-45.2667	-16.5167	-29.285
75000.00	-60000.00	-45.2667	-16.5000	-33.266
75000.00	-55000.00	-45.2500	-18.2500	-37.554
75000.00	-50000.00	-45.2500	-18.2333	-42.080
75000.00	-45000.00	-45.2500	-18.2167	-46.739
75000.00	-40000.00	-45.2500	-18.2000	-51.383
75000.00	-35000.00	-45.2500	-18.1833	-55.819
75000.00	-30000.00	-45.2500	-18.1667	-59.822
75000.00	-25000.00	-45.2500	-18.1500	-63.140
75000.00	-20000.00	-45.2500	-18.1333	-65.519
75000.00	-15000.00	-45.2500	-18.1167	-66.735
75000.00	-10000.00	-45.2500	-18.1000	-66.618
75000.00	-5000.00	-45.2500	-18.0833	-65.088
75000.00	0.00	-45.2500	-18.0667	-62.168
75000.00	5000.00	-45.2500	-18.0500	-57.991
75000.00	10000.00	-45.2500	-18.0333	-52.784
75000.00	15000.00	-45.2500	-18.0167	-46.841
75000.00	20000.00	-45.2500	-18.0000	-40.488
75000.00	25000.00	-45.2500	-17.9833	-34.040
75000.00	30000.00	-45.2500	-17.9667	-27.777
75000.00	35000.00	-45.2500	-17.9500	-21.918
75000.00	40000.00	-45.2500	-17.9333	-16.615
75000.00	45000.00	-45.2500	-17.9167	-11.956
75000.00	50000.00	-45.2500	-17.9000	-7.970
75000.00	55000.00	-45.2500	-17.8833	-4.644
75000.00	60000.00	-45.2500	-17.8667	-1.934
75000.00	65000.00	-45.2500	-17.8500	0.222
75000.00	70000.00	-45.2500	-17.8333	1.897
75000.00	75000.00	-45.2500	-17.8167	3.162
75000.00	80000.00	-45.2500	-17.8000	4.086
75000.00	85000.00	-45.2500	-17.7833	4.733
75000.00	90000.00	-45.2500	-17.7667	5.156
75000.00	95000.00	-45.2500	-17.7500	5.405
75000.00	100000.00	-45.2500	-17.7333	5.517
75000.00	105000.00	-45.2500	-17.7167	5.525
75000.00	110000.00	-45.2500	-17.7000	5.456
75000.00	115000.00	-45.2500	-17.6833	5.331
75000.00	120000.00	-45.2500	-17.6667	5.166
75000.00	125000.00	-45.2500	-17.6500	4.973
75000.00	130000.00	-45.2500	-17.6333	4.764
75000.00	135000.00	-45.2500	-17.6167	4.546
75000.00	140000.00	-45.2500	-17.6000	4.325
75000.00	145000.00	-45.2500	-17.5833	4.104
75000.00	150000.00	-45.2500	-17.5667	3.887
80000.00	-100000.00	-45.2500	-17.5500	-10.944
80000.00	-95000.00	-45.2500	-17.5333	-12.577
80000.00	-90000.00	-45.2500	-17.5167	-14.433
80000.00	-85000.00	-45.2500	-17.5000	-16.534
80000.00	-80000.00	-45.2500	-17.4833	-18.896
80000.00	-75000.00	-45.2500	-17.4667	-21.535
80000.00	-70000.00	-45.2500	-17.4500	-24.455
80000.00	-65000.00	-45.2500	-17.4333	-27.651
80000.00	-60000.00	-45.2500	-17.4167	-31.102
80000.00	-55000.00	-45.2500	-17.4000	-34.767
80000.00	-50000.00	-45.2500	-17.3833	-38.579
80000.00	-45000.00	-45.2500	-17.3667	-42.443
80000.00	-40000.00	-45.2500	-17.3500	-46.235
80000.00	-35000.00	-45.2500	-17.3333	-49.799
80000.00	-30000.00	-45.2500	-17.3167	-52.958
80000.00	-25000.00	-45.2500	-17.3000	-55.522
80000.00	-20000.00	-45.2500	-17.2833	-57.304
80000.00	-15000.00	-45.2500	-17.2667	-58.145
80000.00	-10000.00	-45.2500	-17.2500	-57.927
80000.00	-5000.00	-45.2500	-17.2333	-56.597
80000.00	0.00	-45.2500	-17.2167	-54.180
80000.00	5000.00	-45.2500	-17.2000	-50.774
80000.00	10000.00	-45.2500	-17.1833	-46.547
80000.00	15000.00	-45.2500	-17.1667	-41.715
80000.00	20000.00	-45.2500	-17.1500	-36.519
80000.00	25000.00	-45.2500	-17.1333	-31.198
80000.00	30000.00	-45.2500	-17.1167	-25.968
80000.00	35000.00	-45.2500	-17.1000	-21.007
80000.00	40000.00	-45.2500	-17.0833	-16.443
80000.00	45000.00	-45.2500	-17.0667	-12.361
80000.00	50000.00	-45.2500	-17.0500	-8.800
80000.00	55000.00	-45.2500	-17.0333	-5.764
80000.00	60000.00	-45.2500	-17.0167	-3.231
80000.00	65000.00	-45.2500	-17.0000	-1.163
80000.00	70000.00	-45.2500	-16.9833	0.491
80000.00	75000.00	-45.2500	-16.9667	1.784
80000.00	80000.00	-45.2500	-16.9500	2.770
80000.00	85000.00	-45.2500	-16.9333	3.499
80000.00	90000.00	-45.2500	-16.9167	4.017
80000.00	95000.00	-45.2500	-16.9000	4.364
80000.00	100000.00	-45.2500	-16.8833	4.574
80000.00	105000.00	-45.2500	-16.8667	4.678
80000.00	110000.00	-45.2500	-16.8500	4.698
80000.00	115000.00	-45.2500	-16.8333	4.655
80000.00	120000.00	-45.2500	-16.8167	4.566
80000.00	125000.00	-45.2500	-16.8000	4.442
80000.00	130000.00	-45.2500	-16.7833	4.294
80000.00	135000.00	-45.2500	-16.7667	4.131
80000.00	140000.00	-45.2500	-16.7500	3.958
80000.00	145000.00	-45.2500	-16.7333	3.781
80000.00	150000.00	-45.2500	-16.7167	3.602
85000.00	-100000.00	-45.2500	-16.7000	-10.898
85000.00	-95000.00	-45.2500	-16.6833	-12.425
85000.00	-90000.00	-45.2500	-16.6667	-14.143
85000.00	-85000.00	-45.2500	-16.6500	-16.067
85000.00	-80000.00	-45.2500	-16.6333	-18.206
85000.00	-75000.00	-45.2500	-16.6167	-20.569
85000.00	-70000.00	-45.2500	-16.6000	-23.152
85000.00	-65000.00	-45.2500	-16.5833	-25.944
85000.00	-60000.00	-45.2500	-16.5667	-28.920
85000.00	-55000.00	-45.2500	-16.5500	-32.038
85000.00	-50000.00	-45.2500	-16.5333	-35.237
85000.00	-45000.00	-45.2500	-16.5167	-38.435
85000.00	-40000.00	-45.2500	-16.5000	-41.526
85000.00	-35000.00	-45.2333	-18.2500	-44.388
85000.00	-30000.00	-45.2333	-18.2333	-46.881
85000.00	-25000.00	-45.2333	-18.2167	-48.862
85000.00	-20000.00	-45.2333	-18.2000	-50.195
85000.00	-15000.00	-45.2333	-18.1833	-50.763
85000.00	-10000.00	-45.2333	-18.1667	-50.486
85000.00	-5000.00	-45.2333	-18.1500	-49.330
85000.00	0.00	-45.2333	-18.1333	-47.317
85000.00	5000.00	-45.2333	-18.1167	-44.522
85000.00	10000.00	-45.2333	-18.1000	-41.069
85000.00	15000.00	-45.2333	-18.0833	-37.119
85000.00	20000.00	-45.2333	-18.0667	-32.852
85000.00	25000.00	-45.2333	-18.0500	-28.449
85000.00	30000.00	-45.2333	-18.0333	-24.078
85000.00	35000.00	-45.2333	-18.0167	-19.879
85000.00	40000.00	-45.2333	-18.0000	-15.964
85000.00	45000.00	-45.2333	-17.9833	-12.406
85000.00	50000.00	-45.2333	-17.9667	-9.249
85000.00	55000.00	-45.2333	-17.9500	-6.507
85000.00	60000.00	-45.2333	-17.9333	-4.174
85000.00	65000.00	-45.2333	-17.9167	-2.225
85000.00	70000.00	-45.2333	-17.9000	-0.629
85000.00	75000.00	-45.2333	-17.8833	0.654
85000.00	80000.00	-45.2333	-17.8667	1.664
85000.00	85000.00	-45.2333	-17.8500	2.441
85000.00	90000.00	-45.2333	-17.8333	3.021
85000.00	95000.00	-45.2333	-17.8167	3.440
85000.00	100000.00	-45.2333	-17.8000	3.725
85000.00	105000.00	-45.2333	-17.7833	3.904
85000.00	110000.00	-45.2333	-17.7667	3.997
85000.00	115000.00	-45.2333	-17.7500	4.024
85000.00	120000.00	-45.2333	-17.7333	3.999
85000.00	125000.00	-45.2333	-17.7167	3.936
85000.00	130000.00	-45.2333	-17.7000	3.843
85000.00	135000.00	-45.2333	-17.6833	3.729
85000.00	140000.00	-45.2333	-17.6667	3.601
85000.00	145000.00	-45.2333	-17.6500	3.463
85000.00	150000.00	-45.2333	-17.6333	3.320
90000.00	-100000.00	-45.2333	-17.6167	-10.755
90000.00	-95000.00	-45.2333	-17.6000	-12.170
90000.00	-90000.00	-45.2333	-17.5833	-13.748
90000.00	-85000.00	-45.2333	-17.5667	-15.497
90000.00	-80000.00	-45.2333	-17.5500	-17.422
90000.00	-75000.00	-45.2333	-17.5333	-19.524
90000.00	-70000.00	-45.2333	-17.5167	-21.797
90000.00	-65000.00	-45.2333	-17.5000	-24.225
90000.00	-60000.00	-45.2333	-17.4833	-26.781
90000.00	-55000.00	-45.2333	-17.4667	-29.426
90000.00	-50000.00	-45.2333	-17.4500	-32.105
90000.00	-45000.00	-45.2333	-17.4333	-34.748
90000.00	-40000.00	-45.2333	-17.4167	-37.267
90000.00	-35000.00	-45.2333	-17.4000	-39.565
90000.00	-30000.00	-45.2333	-17.3833	-41.535
90000.00	-25000.00	-45.2333	-17.3667	-43.067
90000.00	-20000.00	-45.2333	-17.3500	-44.060
90000.00	-15000.00	-45.2333	-17.3333	-44.432
90000.00	-10000.00	-45.2333	-17.3167	-44.126
90000.00	-5000.00	-45.2333	-17.3000	-43.120
90000.00	0.00	-45.2333	-17.2833	-41.434
90000.00	5000.00	-45.2333	-17.2667	-39.125
90000.00	10000.00	-45.2333	-17.2500	-36.287
90000.00	15000.00	-45.2333	-17.2333	-33.040
90000.00	20000.00	-45.2333	-17.2167	-29.519
90000.00	25000.00	-45.2333	-17.2000	-25.862
90000.00	30000.00	-45.2333	-17.1833	-22.200
90000.00	35000.00	-45.2333	-17.1667	-18.646
90000.00	40000.00	-45.2333	-17.1500	-15.291
90000.00	45000.00	-45.2333	-17.1333	-12.200
90000.00	50000.00	-45.2333	-17.1167	-9.417
90000.00	55000.00	-45.2333	-17.1000	-6.960
90000.00	60000.00	-45.2333	-17.0833	-4.831
90000.00	65000.00	-45.2333	-17.0667	-3.021
90000.00	70000.00	-45.2333	-17.0500	-1.506
90000.00	75000.00	-45.2333	-17.0333	-0.261
90000.00	80000.00	-45.2333	-17.0167	0.745
90000.00	85000.00	-45.2333	-17.0000	1.542
90000.00	90000.00	-45.2333	-16.9833	2.160
90000.00	95000.00	-45.2333	-16.9667	2.627
90000.00	100000.00	-45.2333	-16.9500	2.968
90000.00	105000.00	-45.2333	-16.9333	3.205
90000.00	110000.00	-45.2333	-16.9167	3.357
90000.00	115000.00	-45.2333	-16.9000	3.441
90000.00	120000.00	-45.2333	-16.8833	3.471
90000.00	125000.00	-45.2333	-16.8667	3.458
90000.00	130000.00	-45.2333	-16.8500	3.413
90000.00	135000.00	-45.2333	-16.8333	3.343
90000.00	140000.00	-45.2333	-16.8167	3.255
90000.00	145000.00	-45.2333	-16.8000	3.153
90000.00	150000.00	-45.2333	-16.7833	3.043
95000.00	-100000.00	-45.2333	-16.7667	-10.533
95000.00	-95000.00	-45.2333	-16.7500	-11.837
95000.00	-90000.00	-45.2333	-16.7333	-13.276
95000.00	-85000.00	-45.2333	-16.7167	-14.857
95000.00	-80000.00	-45.2333	-16.7000	-16.580
95000.00	-75000.00	-45.2333	-16.6833	-18.441
95000.00	-70000.00	-45.2333	-16.6667	-20.432
95000.00	-65000.00	-45.2333	-16.6500	-22.536
95000.00	-60000.00	-45.2333	-16.6333	-24.726
95000.00	-55000.00	-45.2333	-16.6167	-26.965
95000.00	-50000.00	-45.2333	-16.6000	-29.207
95000.00	-45000.00	-45.2333	-16.5833	-31.390
95000.00	-40000.00	-45.2333	-16.5667	-33.444
95000.00	-35000.00	-45.2333	-16.5500	-35.292
95000.00	-30000.00	-45.2333	-16.5333	-36.850
95000.00	-25000.00	-45.2333	-16.5167	-38.035
95000.00	-20000.00	-45.2333	-16.5000	-38.774
95000.00	-15000.00	-45.2167	-18.2500	-39.005
95000.00	-10000.00	-45.2167	-18.2333	-38.689
95000.00	-5000.00	-45.2167	-18.2167	-37.812
95000.00	0.00	-45.2167	-18.2000	-36.392
95000.00	5000.00	-45.2167	-18.1833	-34.472
95000.00	10000.00	-45.2167	-18.1667	-32.125
95000.00	15000.00	-45.2167	-18.1500	-29.439
95000.00	20000.00	-45.2167	-18.1333	-26.519
95000.00	25000.00	-45.2167	-18.1167	-23.470
95000.00	30000.00	-45.2167	-18.1000	-20.394
95000.00	35000.00	-45.2167	-18.0833	-17.381
95000.00	40000.00	-45.2167	-18.0667	-14.506
95000.00	45000.00	-45.2167	-18.0500	-11.826
95000.00	50000.00	-45.2167	-18.0333	-9.380
95000.00	55000.00	-45.2167	-18.0167	-7.190
95000.00	60000.00	-45.2167	-18.0000	-5.264
95000.00	65000.00	-45.2167	-17.9833	-3.598
95000.00	70000.00	-45.2167	-17.9667	-2.179
95000.00	75000.00	-45.2167	-17.9500	-0.990
95000.00	80000.00	-45.2167	-17.9333	-0.009
95000.00	85000.00	-45.2167	-17.9167	0.788
95000.00	90000.00	-45.2167	-17.9000	1.424
95000.00	95000.00	-45.2167	-17.8833	1.921
95000.00	100000.00	-45.2167	-17.8667	2.300
95000.00	105000.00	-45.2167	-17.8500	2.579
95000.00	110000.00	-45.2167	-17.8333	2.777
95000.00	115000.00	-45.2167	-17.8167	2.907
95000.00	120000.00	-45.2167	-17.8000	2.982
95000.00	125000.00	-45.2167	-17.7833	3.012
95000.00	130000.00	-45.2167	-17.7667	3.008
95000.00	135000.00	-45.2167	-17.7500	2.976
95000.00	140000.00	-45.2167	-17.7333	2.924
95000.00	145000.00	-45.2167	-17.7167	2.855
95000.00	150000.00	-45.2167	-17.7000	2.775
100000.00	-100000.00	-45.2167	-17.6833	-10.250
100000.00	-95000.00	-45.2167	-17.6667	-11.444
100000.00	-90000.00	-45.2167	-17.6500	-12.751
100000.00	-85000.00	-45.2167	-17.6333	-14.173
100000.00	-80000.00	-45.2167	-17.6167	-15.708
100000.00	-75000.00	-45.2167	-17.6000	-17.350
100000.00	-70000.00	-45.2167	-17.5833	-19.089
100000.00	-65000.00	-45.2167	-17.5667	-20.908
100000.00	-60000.00	-45.2167	-17.5500	-22.780
100000.00	-55000.00	-45.2167	-17.5333	-24.674
100000.00	-50000.00	-45.2167	-17.5167	-26.549
100000.00	-45000.00	-45.2167	-17.5000	-28.353
100000.00	-40000.00	-45.2167	-17.4833	-30.031
100000.00	-35000.00	-45.2167	-17.4667	-31.519
100000.00	-30000.00	-45.2167	-17.4500	-32.753
100000.00	-25000.00	-45.2167	-17.4333	-33.672
100000.00	-20000.00	-45.2167	-17.4167	-34.218
100000.00	-15000.00	-45.2167	-17.4000	-34.348
100000.00	-10000.00	-45.2167	-17.3833	-34.035
100000.00	-5000.00	-45.2167	-17.3667	-33.270
100000.00	0.00	-45.2167	-17.3500	-32.066
100000.00	5000.00	-45.2167	-17.3333	-30.461
100000.00	10000.00	-45.2167	-17.3167	-28.506
100000.00	15000.00	-45.2167	-17.3000	-26.273
100000.00	20000.00	-45.2167	-17.2833	-23.838
100000.00	25000.00	-45.2167	-17.2667	-21.285
100000.00	30000.00	-45.2167	-17.2500	-18.693
100000.00	35000.00	-45.2167	-17.2333	-16.133
100000.00	40000.00	-45.2167	-17.2167	-13.667
100000.00	45000.00	-45.2167	-17.2000	-11.344
100000.00	50000.00	-45.2167	-17.1833	-9.199
100000.00	55000.00	-45.2167	-17.1667	-7.255
100000.00	60000.00	-45.2167	-17.1500	-5.521
100000.00	65000.00	-45.2167	-17.1333	-3.999
100000.00	70000.00	-45.2167	-17.1167	-2.683
100000.00	75000.00	-45.2167	-17.1000	-1.561
100000.00	80000.00	-45.2167	-17.0833	-0.619
100000.00	85000.00	-45.2167	-17.0667	0.163
100000.00	90000.00	-45.2167	-17.0500	0.800
100000.00	95000.00	-45.2167	-17.0333	1.312
100000.00	100000.00	-45.2167	-17.0167	1.715
100000.00	105000.00	-45.2167	-17.0000	2.025
100000.00	110000.00	-45.2167	-16.9833	2.256
100000.00	115000.00	-45.2167	-16.9667	2.422
100000.00	120000.00	-45.2167	-16.9500	2.533
100000.00	125000.00	-45.2167	-16.9333	2.600
100000.00	130000.00	-45.2167	-16.9167	2.630
100000.00	135000.00	-45.2167	-16.9000	2.631
100000.00	140000.00	-45.2167	-16.8833	2.609
100000.00	145000.00	-45.2167	-16.8667	2.570
100000.00	150000.00	-45.2167	-16.8500	2.516
