inc	dec	F	year
-35.6446	-21.6455	23512.30	2000.00
-35.6516	-21.6473	23511.90	2000.03
-35.6586	-21.6491	23511.50	2000.05
-35.6657	-21.6509	23511.00	2000.08
-35.6727	-21.6527	23510.60	2000.10
-35.6798	-21.6545	23510.20	2000.13
-35.6868	-21.6563	23509.80	2000.15
-35.6938	-21.6580	23509.30	2000.18
-35.7009	-21.6598	23508.90	2000.20
-35.7079	-21.6616	23508.50	2000.23
-35.7150	-21.6634	23508.10	2000.25
-35.7220	-21.6652	23507.60	2000.28
-35.7290	-21.6670	23507.20	2000.30
-35.7361	-21.6688	23506.80	2000.33
-35.7431	-21.6706	23506.40	2000.35
-35.7502	-21.6724	23505.90	2000.38
-35.7572	-21.6742	23505.50	2000.40
-35.7643	-21.6760	23505.10	2000.43
-35.7713	-21.6778	23504.70	2000.45
-35.7783	-21.6795	23504.20	2000.48
-35.7854	-21.6813	23503.80	2000.50
-35.7924	-21.6831	23503.40	2000.53
-35.7995	-21.6849	23503.00	2000.55
-35.8065	-21.6867	23502.60	2000.58
-35.8136	-21.6885	23502.10	2000.60
-35.8206	-21.6903	23501.70	2000.63
-35.8276	-21.6921	23501.30	2000.65
-35.8347	-21.6939	23500.90	2000.68
-35.8417	-21.6957	23500.50	2000.70
-35.8488	-21.6975	23500.00	2000.73
-35.8558	-21.6993	23499.60	2000.75
-35.8629	-21.7011	23499.20	2000.78
-35.8699	-21.7029	23498.80	2000.80
-35.8770	-21.7047	23498.40	2000.83
-35.8840	-21.7065	23498.00	2000.85
-35.8911	-21.7083	23497.50	2000.88
-35.8981	-21.7101	23497.10	2000.90
-35.9051	-21.7119	23496.70	2000.93
-35.9122	-21.7137	23496.30	2000.95
-35.9192	-21.7155	23495.90	2000.98
-35.9263	-21.7173	23495.50	2001.00
-35.9333	-21.7191	23495.00	2001.03
-35.9404	-21.7209	23494.60	2001.05
-35.9474	-21.7227	23494.20	2001.08
-35.9545	-21.7245	23493.80	2001.10
-35.9615	-21.7263	23493.40	2001.13
-35.9686	-21.7281	23493.00	2001.15
-35.9756	-21.7299	23492.60	2001.18
-35.9827	-21.7317	23492.20	2001.20
-35.9897	-21.7335	23491.70	2001.23
-35.9968	-21.7353	23491.30	2001.25
-36.0038	-21.7371	23490.90	2001.28
-36.0109	-21.7389	23490.50	2001.30
-36.0179	-21.7408	23490.10	2001.33
-36.0250	-21.7426	23489.70	2001.35
-36.0320	-21.7444	23489.30	2001.38
-36.0391	-21.7462	23488.90	2001.40
-36.0461	-21.7480	23488.50	2001.43
-36.0532	-21.7498	23488.10	2001.45
-36.0602	-21.7516	23487.70	2001.48
-36.0673	-21.7534	23487.20	2001.50
-36.0743	-21.7552	23486.80	2001.53
-36.0814	-21.7570	23486.40	2001.55
-36.0884	-21.7588	23486.00	2001.58
-36.0955	-21.7607	23485.60	2001.60
-36.1026	-21.7625	23485.20	2001.63
-36.1096	-21.7643	23484.80	2001.65
-36.1167	-21.7661	23484.40	2001.68
-36.1237	-21.7679	23484.00	2001.70
-36.1308	-21.7697	23483.60	2001.73
-36.1378	-21.7715	23483.20	2001.75
-36.1449	-21.7733	23482.80	2001.78
-36.1519	-21.7752	23482.40	2001.80
-36.1590	-21.7770	23482.00	2001.83
-36.1660	-21.7788	23481.60	2001.85
-36.1731	-21.7806	23481.20	2001.88
-36.1801	-21.7824	23480.80	2001.90
-36.1872	-21.7842	23480.40	2001.93
-36.1943	-21.7860	23480.00	2001.95
-36.2013	-21.7879	23479.60	2001.98
-36.2084	-21.7897	23479.20	2002.00
-36.2154	-21.7915	23478.80	2002.03
-36.2225	-21.7933	23478.40	2002.05
-36.2295	-21.7951	23478.00	2002.08
-36.2366	-21.7970	23477.60	2002.10
-36.2437	-21.7988	23477.20	2002.13
-36.2507	-21.8006	23476.80	2002.15
-36.2578	-21.8024	23476.40	2002.18
-36.2648	-21.8042	23476.00	2002.20
-36.2719	-21.8061	23475.60	2002.23
-36.2789	-21.8079	23475.20	2002.25
-36.2860	-21.8097	23474.80	2002.28
-36.2931	-21.8115	23474.40	2002.30
-36.3001	-21.8133	23474.00	2002.33
-36.3072	-21.8152	23473.60	2002.35
-36.3142	-21.8170	23473.20	2002.38
-36.3213	-21.8188	23472.80	2002.40
-36.3284	-21.8206	23472.50	2002.43
-36.3354	-21.8225	23472.10	2002.45
-36.3425	-21.8243	23471.70	2002.48
-36.3495	-21.8261	23471.30	2002.50
-36.3566	-21.8279	23470.90	2002.53
-36.3637	-21.8298	23470.50	2002.55
-36.3707	-21.8316	23470.10	2002.58
-36.3778	-21.8334	23469.70	2002.60
-36.3848	-21.8352	23469.30	2002.63
-36.3919	-21.8371	23468.90	2002.65
-36.3990	-21.8389	23468.50	2002.68
-36.4060	-21.8407	23468.20	2002.70
-36.4131	-21.8425	23467.80	2002.73
-36.4202	-21.8444	23467.40	2002.75
-36.4272	-21.8462	23467.00	2002.78
-36.4343	-21.8480	23466.60	2002.80
-36.4413	-21.8499	23466.20	2002.83
-36.4484	-21.8517	23465.80	2002.85
-36.4555	-21.8535	23465.40	2002.88
-36.4625	-21.8554	23465.10	2002.90
-36.4696	-21.8572	23464.70	2002.93
-36.4767	-21.8590	23464.30	2002.95
-36.4837	-21.8609	23463.90	2002.98
-36.4908	-21.8627	23463.50	2003.00
-36.4979	-21.8645	23463.10	2003.03
-36.5049	-21.8664	23462.70	2003.05
-36.5120	-21.8682	23462.40	2003.08
-36.5191	-21.8700	23462.00	2003.10
-36.5261	-21.8719	23461.60	2003.13
-36.5332	-21.8737	23461.20	2003.15
-36.5403	-21.8755	23460.80	2003.18
-36.5473	-21.8774	23460.40	2003.20
-36.5544	-21.8792	23460.10	2003.23
-36.5615	-21.8810	23459.70	2003.25
-36.5685	-21.8829	23459.30	2003.28
-36.5756	-21.8847	23458.90	2003.30
-36.5827	-21.8865	23458.50	2003.33
-36.5897	-21.8884	23458.20	2003.35
-36.5968	-21.8902	23457.80	2003.38
-36.6039	-21.8921	23457.40	2003.40
-36.6109	-21.8939	23457.00	2003.43
-36.6180	-21.8957	23456.70	2003.45
-36.6251	-21.8976	23456.30	2003.48
-36.6321	-21.8994	23455.90	2003.50
-36.6392	-21.9013	23455.50	2003.53
-36.6463	-21.9031	23455.10	2003.55
-36.6533	-21.9049	23454.80	2003.58
-36.6604	-21.9068	23454.40	2003.60
-36.6675	-21.9086	23454.00	2003.63
-36.6745	-21.9105	23453.60	2003.65
-36.6816	-21.9123	23453.30	2003.68
-36.6887	-21.9142	23452.90	2003.70
-36.6958	-21.9160	23452.50	2003.73
-36.7028	-21.9179	23452.10	2003.75
-36.7099	-21.9197	23451.80	2003.78
-36.7170	-21.9215	23451.40	2003.80
-36.7240	-21.9234	23451.00	2003.83
-36.7311	-21.9252	23450.70	2003.85
-36.7382	-21.9271	23450.30	2003.88
-36.7453	-21.9289	23449.90	2003.90
-36.7523	-21.9308	23449.50	2003.93
-36.7594	-21.9326	23449.20	2003.95
-36.7665	-21.9345	23448.80	2003.98
-36.7735	-21.9363	23448.40	2004.00
-36.7806	-21.9382	23448.10	2004.03
-36.7877	-21.9400	23447.70	2004.05
-36.7948	-21.9419	23447.30	2004.08
-36.8018	-21.9437	23447.00	2004.10
-36.8089	-21.9456	23446.60	2004.13
-36.8160	-21.9474	23446.20	2004.15
-36.8231	-21.9493	23445.90	2004.18
-36.8301	-21.9511	23445.50	2004.20
-36.8372	-21.9530	23445.10	2004.23
-36.8443	-21.9548	23444.80	2004.25
-36.8514	-21.9567	23444.40	2004.28
-36.8584	-21.9585	23444.00	2004.30
-36.8655	-21.9604	23443.70	2004.33
-36.8726	-21.9622	23443.30	2004.35
-36.8797	-21.9641	23442.90	2004.38
-36.8867	-21.9660	23442.60	2004.40
-36.8938	-21.9678	23442.20	2004.43
-36.9009	-21.9697	23441.80	2004.45
-36.9080	-21.9715	23441.50	2004.48
-36.9150	-21.9734	23441.10	2004.50
-36.9221	-21.9752	23440.80	2004.53
-36.9292	-21.9771	23440.40	2004.55
-36.9363	-21.9790	23440.00	2004.58
-36.9433	-21.9808	23439.70	2004.60
-36.9504	-21.9827	23439.30	2004.63
-36.9575	-21.9845	23438.90	2004.65
-36.9646	-21.9864	23438.60	2004.68
-36.9717	-21.9882	23438.20	2004.70
-36.9787	-21.9901	23437.90	2004.73
-36.9858	-21.9920	23437.50	2004.75
-36.9929	-21.9938	23437.20	2004.78
-37.0000	-21.9957	23436.80	2004.80
-37.0070	-21.9976	23436.40	2004.83
-37.0141	-21.9994	23436.10	2004.85
-37.0212	-22.0013	23435.70	2004.88
-37.0283	-22.0031	23435.40	2004.90
-37.0354	-22.0050	23435.00	2004.93
-37.0424	-22.0069	23434.70	2004.95
-37.0495	-22.0087	23434.30	2004.98